     6404.283318         0.998010 
     6404.293318         0.997139 
     6404.303318         0.997471 
     6404.313318         0.998013 
     6404.323318         0.999199 
     6404.333317         0.999605 
     6404.343317         0.998341 
     6404.353317         0.995426 
     6404.363317         0.994417 
     6404.373317         0.994448 
     6404.383316         0.996854 
     6404.393316         1.002624 
     6404.403316         1.004200 
     6404.413316         0.998194 
     6404.423316         0.992003 
     6404.433315         0.992412 
     6404.443315         0.998536 
     6404.453315         0.993244 
     6404.463315         0.991269 
     6404.473315         0.998851 
     6404.483314         0.998133 
     6404.493314         0.996197 
     6404.503314         0.999161 
     6404.513314         0.994216 
     6404.523314         0.991647 
     6404.533313         0.995669 
     6404.543313         0.992897 
     6404.553313         0.987664 
     6404.563313         0.989068 
     6404.573313         0.992532 
     6404.583312         0.993290 
     6404.593312         0.991518 
     6404.603312         0.998672 
     6404.613312         1.004535 
     6404.623312         1.000873 
     6404.633311         1.000028 
     6404.643311         1.000169 
     6404.653311         0.997401 
     6404.663311         1.000427 
     6404.673311         1.004556 
     6404.683310         1.002996 
     6404.693310         0.996224 
     6404.703310         0.993700 
     6404.713310         1.000532 
     6404.723310         0.998977 
     6404.733309         0.994978 
     6404.743309         0.997881 
     6404.753309         0.998369 
     6404.763309         0.999794 
     6404.773309         1.003651 
     6404.783308         1.004357 
     6404.793308         1.004671 
     6404.803308         1.007990 
     6404.813308         1.003912 
     6404.823308         1.001286 
     6404.833307         1.006777 
     6404.843307         1.007680 
     6404.853307         1.004908 
     6404.863307         1.001211 
     6404.873307         1.000213 
     6404.883306         1.002394 
     6404.893306         1.006406 
     6404.903306         1.003188 
     6404.913306         0.996863 
     6404.923306         0.995681 
     6404.933305         0.999418 
     6404.943305         0.998589 
     6404.953305         0.990455 
     6404.963305         0.994007 
     6404.973305         1.000832 
     6404.983304         0.998909 
     6404.993304         1.000723 
     6405.003304         1.001982 
     6405.013304         0.997373 
     6405.023304         0.996699 
     6405.033303         0.996831 
     6405.043303         0.993321 
     6405.053303         0.996736 
     6405.063303         1.000087 
     6405.073303         0.993688 
     6405.083302         0.990712 
     6405.093302         0.993861 
     6405.103302         0.998595 
     6405.113302         0.997937 
     6405.123302         0.993698 
     6405.133302         0.991827 
     6405.143301         0.992520 
     6405.153301         0.997174 
     6405.163301         1.002475 
     6405.173301         0.996062 
     6405.183301         0.987999 
     6405.193300         0.990952 
     6405.203300         0.995305 
     6405.213300         0.996151 
     6405.223300         0.993813 
     6405.233300         0.996483 
     6405.243299         1.000291 
     6405.253299         1.000173 
     6405.263299         0.998326 
     6405.273299         0.996848 
     6405.283299         0.996446 
     6405.293298         0.999093 
     6405.303298         0.997856 
     6405.313298         0.990253 
     6405.323298         0.992189 
     6405.333298         0.994641 
     6405.343297         0.988865 
     6405.353297         0.987781 
     6405.363297         0.986924 
     6405.373297         0.983511 
     6405.383297         0.985575 
     6405.393296         0.987610 
     6405.403296         0.984227 
     6405.413296         0.981676 
     6405.423296         0.979138 
     6405.433296         0.976583 
     6405.443295         0.976705 
     6405.453295         0.973613 
     6405.463295         0.966530 
     6405.473295         0.971375 
     6405.483295         0.977097 
     6405.493294         0.976289 
     6405.503294         0.972269 
     6405.513294         0.974572 
     6405.523294         0.982390 
     6405.533294         0.978414 
     6405.543293         0.972455 
     6405.553293         0.971938 
     6405.563293         0.976822 
     6405.573293         0.976647 
     6405.583293         0.969661 
     6405.593292         0.971552 
     6405.603292         0.972296 
     6405.613292         0.967036 
     6405.623292         0.965857 
     6405.633292         0.963363 
     6405.643291         0.955517 
     6405.653291         0.947678 
     6405.663291         0.947782 
     6405.673291         0.954660 
     6405.683291         0.954963 
     6405.693290         0.951849 
     6405.703290         0.948694 
     6405.713290         0.947539 
     6405.723290         0.948466 
     6405.733290         0.949902 
     6405.743289         0.947776 
     6405.753289         0.944971 
     6405.763289         0.943823 
     6405.773289         0.940774 
     6405.783289         0.941559 
     6405.793288         0.946567 
     6405.803288         0.948868 
     6405.813288         0.946610 
     6405.823288         0.942557 
     6405.833288         0.942937 
     6405.843287         0.949712 
     6405.853287         0.957326 
     6405.863287         0.959173 
     6405.873287         0.961403 
     6405.883287         0.965927 
     6405.893286         0.970513 
     6405.903286         0.970614 
     6405.913286         0.968957 
     6405.923286         0.974005 
     6405.933286         0.979627 
     6405.943285         0.983207 
     6405.953285         0.983207 
     6405.963285         0.980948 
     6405.973285         0.979872 
     6405.983285         0.983606 
     6405.993284         0.988950 
     6406.003284         0.990466 
     6406.013284         0.985404 
     6406.023284         0.987348 
     6406.033284         0.991582 
     6406.043284         0.988027 
     6406.053283         0.990878 
     6406.063283         0.998891 
     6406.073283         0.998634 
     6406.083283         0.993131 
     6406.093283         0.992156 
     6406.103282         1.001414 
     6406.113282         1.000946 
     6406.123282         0.992719 
     6406.133282         0.991234 
     6406.143282         0.996125 
     6406.153281         1.000925 
     6406.163281         1.000022 
     6406.173281         0.994100 
     6406.183281         0.992075 
     6406.193281         0.996591 
     6406.203280         0.999742 
     6406.213280         0.999076 
     6406.223280         0.996819 
     6406.233280         0.993468 
     6406.243280         0.991697 
     6406.253279         0.994137 
     6406.263279         0.996447 
     6406.273279         0.997755 
     6406.283279         0.997999 
     6406.293279         1.001206 
     6406.303278         1.000729 
     6406.313278         0.996215 
     6406.323278         1.001911 
     6406.333278         1.008581 
     6406.343278         1.003683 
     6406.353277         0.996352 
     6406.363277         0.996652 
     6406.373277         1.003387 
     6406.383277         1.004360 
     6406.393277         1.002397 
     6406.403276         1.000994 
     6406.413276         0.995621 
     6406.423276         0.994799 
     6406.433276         1.000186 
     6406.443276         1.004690 
     6406.453275         1.006450 
     6406.463275         1.004972 
     6406.473275         1.001223 
     6406.483275         0.999903 
     6406.493275         1.000865 
     6406.503274         1.000582 
     6406.513274         1.000523 
     6406.523274         1.002658 
     6406.533274         1.005699 
     6406.543274         1.007849 
     6406.553273         1.004076 
     6406.563273         0.994702 
     6406.573273         0.998905 
     6406.583273         1.007330 
     6406.593273         1.000229 
     6406.603272         0.997401 
     6406.613272         1.001597 
     6406.623272         1.002555 
     6406.633272         1.004025 
     6406.643272         1.005953 
     6406.653271         1.003720 
     6406.663271         0.999393 
     6406.673271         0.997150 
     6406.683271         0.999682 
     6406.693271         1.001117 
     6406.703270         1.000581 
     6406.713270         0.998473 
     6406.723270         0.997165 
     6406.733270         0.996490 
     6406.743270         0.995654 
     6406.753269         0.997342 
     6406.763269         0.998966 
     6406.773269         0.997944 
     6406.783269         0.999415 
     6406.793269         1.003604 
     6406.803268         1.007943 
     6406.813268         1.004895 
     6406.823268         0.998451 
     6406.833268         0.996328 
     6406.843268         0.998862 
     6406.853267         1.000466 
     6406.863267         0.999532 
     6406.873267         0.999301 
     6406.883267         0.995088 
     6406.893267         0.991756 
     6406.903266         0.997622 
     6406.913266         0.999690 
     6406.923266         0.993724 
     6406.933266         0.991974 
     6406.943266         0.995161 
     6406.953266         0.995202 
     6406.963265         0.986139 
     6406.973265         0.984883 
     6406.983265         0.991179 
     6406.993265         0.987157 
     6407.003265         0.981543 
     6407.013264         0.978472 
     6407.023264         0.974882 
     6407.033264         0.969041 
     6407.043264         0.966387 
     6407.053264         0.969067 
     6407.063263         0.961897 
     6407.073263         0.954814 
     6407.083263         0.961790 
     6407.093263         0.960954 
     6407.103263         0.955173 
     6407.113262         0.956962 
     6407.123262         0.956280 
     6407.133262         0.953451 
     6407.143262         0.952585 
     6407.153262         0.952369 
     6407.163261         0.949038 
     6407.173261         0.940270 
     6407.183261         0.931281 
     6407.193261         0.920518 
     6407.203261         0.908891 
     6407.213260         0.899628 
     6407.223260         0.885940 
     6407.233260         0.868640 
     6407.243260         0.860256 
     6407.253260         0.853046 
     6407.263259         0.842251 
     6407.273259         0.833695 
     6407.283259         0.832927 
     6407.293259         0.837028 
     6407.303259         0.839142 
     6407.313258         0.843667 
     6407.323258         0.852715 
     6407.333258         0.863786 
     6407.343258         0.874248 
     6407.353258         0.886826 
     6407.363257         0.904447 
     6407.373257         0.916100 
     6407.383257         0.924647 
     6407.393257         0.937262 
     6407.403257         0.945839 
     6407.413256         0.952434 
     6407.423256         0.960152 
     6407.433256         0.963049 
     6407.443256         0.966313 
     6407.453256         0.973686 
     6407.463255         0.978989 
     6407.473255         0.981096 
     6407.483255         0.981839 
     6407.493255         0.983806 
     6407.503255         0.988476 
     6407.513254         0.994192 
     6407.523254         0.993284 
     6407.533254         0.987446 
     6407.543254         0.983217 
     6407.553254         0.982994 
     6407.563253         0.985599 
     6407.573253         0.987795 
     6407.583253         0.985139 
     6407.593253         0.984398 
     6407.603253         0.985575 
     6407.613252         0.983156 
     6407.623252         0.978547 
     6407.633252         0.974003 
     6407.643252         0.971427 
     6407.653252         0.973514 
     6407.663251         0.976724 
     6407.673251         0.975458 
     6407.683251         0.973992 
     6407.693251         0.970616 
     6407.703251         0.966269 
     6407.713250         0.968205 
     6407.723250         0.970750 
     6407.733250         0.967037 
     6407.743250         0.958913 
     6407.753250         0.958773 
     6407.763249         0.966947 
     6407.773249         0.971478 
     6407.783249         0.971225 
     6407.793249         0.968947 
     6407.803249         0.967622 
     6407.813248         0.965308 
     6407.823248         0.960044 
     6407.833248         0.955762 
     6407.843248         0.948631 
     6407.853248         0.940067 
     6407.863248         0.936075 
     6407.873247         0.926261 
     6407.883247         0.909159 
     6407.893247         0.891933 
     6407.903247         0.872954 
     6407.913247         0.846345 
     6407.923246         0.812262 
     6407.933246         0.776888 
     6407.943246         0.739857 
     6407.953246         0.697341 
     6407.963246         0.650425 
     6407.973245         0.603290 
     6407.983245         0.558828 
     6407.993245         0.519227 
     6408.003245         0.487391 
     6408.013245         0.468108 
     6408.023244         0.459948 
     6408.033244         0.459542 
     6408.043244         0.469208 
     6408.053244         0.495447 
     6408.063244         0.534606 
     6408.073243         0.578642 
     6408.083243         0.626905 
     6408.093243         0.673745 
     6408.103243         0.717265 
     6408.113243         0.757361 
     6408.123242         0.794972 
     6408.133242         0.826234 
     6408.143242         0.850256 
     6408.153242         0.872745 
     6408.163242         0.895173 
     6408.173241         0.910950 
     6408.183241         0.922374 
     6408.193241         0.935043 
     6408.203241         0.947377 
     6408.213241         0.953136 
     6408.223240         0.951135 
     6408.233240         0.951052 
     6408.243240         0.958956 
     6408.253240         0.965910 
     6408.263240         0.965744 
     6408.273239         0.965238 
     6408.283239         0.964042 
     6408.293239         0.963138 
     6408.303239         0.964820 
     6408.313239         0.965216 
     6408.323238         0.961780 
     6408.333238         0.957722 
     6408.343238         0.957653 
     6408.353238         0.959915 
     6408.363238         0.961753 
     6408.373237         0.962446 
     6408.383237         0.962460 
     6408.393237         0.962403 
     6408.403237         0.964323 
     6408.413237         0.966438 
     6408.423236         0.965176 
     6408.433236         0.965067 
     6408.443236         0.968647 
     6408.453236         0.971672 
     6408.463236         0.972627 
     6408.473235         0.972898 
     6408.483235         0.972869 
     6408.493235         0.971778 
     6408.503235         0.969596 
     6408.513235         0.970138 
     6408.523234         0.975833 
     6408.533234         0.980181 
     6408.543234         0.975108 
     6408.553234         0.969100 
     6408.563234         0.972108 
     6408.573233         0.976252 
     6408.583233         0.970472 
     6408.593233         0.961688 
     6408.603233         0.960915 
     6408.613233         0.963088 
     6408.623232         0.959186 
     6408.633232         0.952024 
     6408.643232         0.946045 
     6408.653232         0.942745 
     6408.663232         0.944108 
     6408.673231         0.948434 
     6408.683231         0.949417 
     6408.693231         0.949412 
     6408.703231         0.953283 
     6408.713231         0.958963 
     6408.723230         0.964214 
     6408.733230         0.968833 
     6408.743230         0.973026 
     6408.753230         0.976800 
     6408.763230         0.979001 
     6408.773230         0.979330 
     6408.783229         0.979858 
     6408.793229         0.980563 
     6408.803229         0.979632 
     6408.813229         0.977659 
     6408.823229         0.982080 
     6408.833228         0.992740 
     6408.843228         0.995980 
     6408.853228         0.992395 
     6408.863228         0.993733 
     6408.873228         0.997981 
     6408.883227         0.997583 
     6408.893227         0.994233 
     6408.903227         0.993976 
     6408.913227         0.998069 
     6408.923227         1.001433 
     6408.933226         1.002865 
     6408.943226         1.001735 
     6408.953226         0.998401 
     6408.963226         0.998090 
     6408.973226         1.002258 
     6408.983225         1.003859 
     6408.993225         1.001188 
     6409.003225         1.000471 
     6409.013225         1.003954 
     6409.023225         1.003898 
     6409.033224         0.995600 
     6409.043224         0.990684 
     6409.053224         0.994553 
     6409.063224         0.997948 
     6409.073224         0.995970 
     6409.083223         0.993141 
     6409.093223         0.992376 
     6409.103223         0.993587 
     6409.113223         0.996365 
     6409.123223         0.998366 
     6409.133222         0.999117 
     6409.143222         0.998014 
     6409.153222         0.994124 
     6409.163222         0.991931 
     6409.173222         0.994015 
     6409.183221         0.996108 
     6409.193221         0.995982 
     6409.203221         0.996524 
     6409.213221         0.999645 
     6409.223221         1.002153 
     6409.233220         1.001667 
     6409.243220         0.999055 
     6409.253220         0.995007 
     6409.263220         0.993262 
     6409.273220         0.996647 
     6409.283219         1.001009 
     6409.293219         1.003228 
     6409.303219         1.002983 
     6409.313219         0.999892 
     6409.323219         0.995748 
     6409.333218         0.992278 
     6409.343218         0.992499 
     6409.353218         0.998924 
     6409.363218         1.004521 
     6409.373218         1.001936 
     6409.383217         0.997582 
     6409.393217         0.999023 
     6409.403217         1.002116 
     6409.413217         1.001647 
     6409.423217         0.999080 
     6409.433216         0.996726 
     6409.443216         0.995380 
     6409.453216         0.995738 
     6409.463216         0.997327 
     6409.473216         0.999135 
     6409.483215         0.999254 
     6409.493215         0.994831 
     6409.503215         0.990382 
     6409.513215         0.992820 
     6409.523215         0.997727 
     6409.533214         0.997087 
     6409.543214         0.993714 
     6409.553214         0.993433 
     6409.563214         0.995103 
     6409.573214         0.996867 
     6409.583213         0.999053 
     6409.593213         1.002962 
     6409.603213         1.006183 
     6409.613213         1.003356 
     6409.623213         0.997841 
     6409.633212         0.997283 
     6409.643212         1.000115 
     6409.653212         1.000789 
     6409.663212         0.999162 
     6409.673212         0.996187 
     6409.683212         0.993287 
     6409.693211         0.992961 
     6409.703211         0.996897 
     6409.713211         1.007988 
     6409.723211         1.020400 
     6409.733211         1.017363 
     6409.743210         1.003805 
     6409.753210         1.000520 
     6409.763210         1.006234 
     6409.773210         1.006592 
     6409.783210         1.001644 
     6409.793209         0.998969 
     6409.803209         0.998619 
     6409.813209         0.995879 
     6409.823209         0.991724 
     6409.833209         0.992026 
     6409.843208         0.996802 
     6409.853208         1.001180 
     6409.863208         1.003953 
     6409.873208         1.004043 
     6409.883208         1.001936 
     6409.893207         0.999591 
     6409.903207         0.997932 
     6409.913207         0.997736 
     6409.923207         0.999009 
     6409.933207         0.999407 
     6409.943206         0.999216 
     6409.953206         1.000995 
     6409.963206         1.004303 
     6409.973206         1.002712 
     6409.983206         0.996574 
     6409.993205         0.996868 
     6410.003205         1.004614 
     6410.013205         1.007480 
     6410.023205         1.002945 
     6410.033205         0.999126 
     6410.043204         0.998241 
     6410.053204         0.997202 
     6410.063204         0.995387 
     6410.073204         0.994876 
     6410.083204         0.996083 
     6410.093203         0.995807 
     6410.103203         0.993529 
     6410.113203         0.992838 
     6410.123203         0.995204 
     6410.133203         0.998911 
     6410.143202         1.002909 
     6410.153202         1.003548 
     6410.163202         1.000009 
     6410.173202         0.997349 
     6410.183202         0.997418 
     6410.193201         0.996786 
     6410.203201         0.994347 
     6410.213201         0.994741 
     6410.223201         0.999481 
     6410.233201         1.000183 
     6410.243200         0.993590 
     6410.253200         0.989002 
     6410.263200         0.990706 
     6410.273200         0.991582 
     6410.283200         0.988217 
