     5214.396855         1.011828 
     5214.406855         1.008450 
     5214.416855         1.002118 
     5214.426855         0.998520 
     5214.436854         1.003012 
     5214.446854         1.001780 
     5214.456854         0.992033 
     5214.466854         0.994646 
     5214.476854         0.999173 
     5214.486853         0.993727 
     5214.496853         0.987522 
     5214.506853         0.982014 
     5214.516853         0.974098 
     5214.526853         0.959700 
     5214.536852         0.944660 
     5214.546852         0.939423 
     5214.556852         0.925542 
     5214.566852         0.897225 
     5214.576852         0.872727 
     5214.586851         0.851295 
     5214.596851         0.830132 
     5214.606851         0.818138 
     5214.616851         0.816044 
     5214.626851         0.821972 
     5214.636850         0.835968 
     5214.646850         0.854178 
     5214.656850         0.869321 
     5214.666850         0.884502 
     5214.676850         0.900397 
     5214.686849         0.913114 
     5214.696849         0.924064 
     5214.706849         0.933908 
     5214.716849         0.939331 
     5214.726849         0.944484 
     5214.736848         0.953281 
     5214.746848         0.956871 
     5214.756848         0.958349 
     5214.766848         0.966759 
     5214.776848         0.970007 
     5214.786847         0.967457 
     5214.796847         0.971981 
     5214.806847         0.974220 
     5214.816847         0.969936 
     5214.826847         0.970412 
     5214.836846         0.974870 
     5214.846846         0.978939 
     5214.856846         0.978242 
     5214.866846         0.975673 
     5214.876846         0.976511 
     5214.886845         0.979222 
     5214.896845         0.980341 
     5214.906845         0.975947 
     5214.916845         0.973202 
     5214.926845         0.974852 
     5214.936845         0.972533 
     5214.946844         0.970330 
     5214.956844         0.970909 
     5214.966844         0.963187 
     5214.976844         0.953736 
     5214.986844         0.950687 
     5214.996843         0.947795 
     5215.006843         0.943263 
     5215.016843         0.937894 
     5215.026843         0.922295 
     5215.036843         0.897814 
     5215.046842         0.882091 
     5215.056842         0.864039 
     5215.066842         0.835440 
     5215.076842         0.805719 
     5215.086842         0.767909 
     5215.096841         0.714133 
     5215.106841         0.660132 
     5215.116841         0.608336 
     5215.126841         0.553023 
     5215.136841         0.488522 
     5215.146840         0.421669 
     5215.156840         0.372199 
     5215.166840         0.335472 
     5215.176840         0.307878 
     5215.186840         0.294705 
     5215.196839         0.297205 
     5215.206839         0.316547 
     5215.216839         0.355544 
     5215.226839         0.407591 
     5215.236839         0.462272 
     5215.246838         0.519387 
     5215.256838         0.577100 
     5215.266838         0.631573 
     5215.276838         0.681299 
     5215.286838         0.722781 
     5215.296837         0.750743 
     5215.306837         0.776553 
     5215.316837         0.807956 
     5215.326837         0.834278 
     5215.336837         0.851675 
     5215.346836         0.860456 
     5215.356836         0.870630 
     5215.366836         0.884644 
     5215.376836         0.899628 
     5215.386836         0.905946 
     5215.396835         0.904549 
     5215.406835         0.908210 
     5215.416835         0.912906 
     5215.426835         0.914731 
     5215.436835         0.913016 
     5215.446834         0.905414 
     5215.456834         0.892582 
     5215.466834         0.887520 
     5215.476834         0.885684 
     5215.486834         0.877837 
     5215.496833         0.867766 
     5215.506833         0.857218 
     5215.516833         0.846461 
     5215.526833         0.838654 
     5215.536833         0.836020 
     5215.546832         0.839578 
     5215.556832         0.842659 
     5215.566832         0.842476 
     5215.576832         0.847361 
     5215.586832         0.853158 
     5215.596831         0.856448 
     5215.606831         0.868694 
     5215.616831         0.885664 
     5215.626831         0.896075 
     5215.636831         0.900627 
     5215.646830         0.906956 
     5215.656830         0.926129 
     5215.666830         0.936788 
     5215.676830         0.935358 
     5215.686830         0.948396 
     5215.696829         0.958554 
     5215.706829         0.954453 
     5215.716829         0.960682 
     5215.726829         0.972047 
     5215.736829         0.975947 
     5215.746828         0.974678 
     5215.756828         0.973519 
     5215.766828         0.978434 
     5215.776828         0.983593 
     5215.786828         0.984917 
     5215.796827         0.980221 
     5215.806827         0.980182 
     5215.816827         0.987333 
     5215.826827         0.988096 
     5215.836827         0.982788 
     5215.846827         0.976497 
     5215.856826         0.981187 
     5215.866826         0.986826 
     5215.876826         0.980395 
     5215.886826         0.975660 
     5215.896826         0.977140 
     5215.906825         0.982686 
     5215.916825         0.986331 
     5215.926825         0.987014 
     5215.936825         0.988666 
     5215.946825         0.991683 
     5215.956824         0.994132 
     5215.966824         0.989823 
     5215.976824         0.985230 
     5215.986824         0.986357 
     5215.996824         0.988719 
     5216.006823         0.992917 
     5216.016823         0.999318 
     5216.026823         0.995897 
     5216.036823         0.986675 
     5216.046823         0.984964 
     5216.056822         0.982716 
     5216.066822         0.975891 
     5216.076822         0.967424 
     5216.086822         0.959306 
     5216.096822         0.951128 
     5216.106821         0.939642 
     5216.116821         0.926154 
     5216.126821         0.913247 
     5216.136821         0.902992 
     5216.146821         0.887108 
     5216.156820         0.857126 
     5216.166820         0.827966 
     5216.176820         0.798653 
     5216.186820         0.756864 
     5216.196820         0.700306 
     5216.206819         0.632098 
     5216.216819         0.561038 
     5216.226819         0.488911 
     5216.236819         0.418739 
     5216.246819         0.357246 
     5216.256818         0.307735 
     5216.266818         0.272370 
     5216.276818         0.252982 
     5216.286818         0.250940 
     5216.296818         0.267501 
     5216.306817         0.303716 
     5216.316817         0.359231 
     5216.326817         0.431453 
     5216.336817         0.508541 
     5216.346817         0.583015 
     5216.356816         0.651200 
     5216.366816         0.714185 
     5216.376816         0.771158 
     5216.386816         0.815398 
     5216.396816         0.840439 
     5216.406815         0.844850 
     5216.416815         0.841876 
     5216.426815         0.833528 
     5216.436815         0.818461 
     5216.446815         0.801309 
     5216.456814         0.784549 
     5216.466814         0.769501 
     5216.476814         0.758396 
     5216.486814         0.756507 
     5216.496814         0.772379 
     5216.506813         0.797305 
     5216.516813         0.823684 
     5216.526813         0.849791 
     5216.536813         0.876178 
     5216.546813         0.901741 
     5216.556812         0.918462 
     5216.566812         0.935360 
     5216.576812         0.960161 
     5216.586812         0.965214 
     5216.596812         0.959518 
     5216.606811         0.969712 
     5216.616811         0.981240 
     5216.626811         0.987679 
     5216.636811         0.991132 
     5216.646811         0.990232 
     5216.656810         0.988851 
     5216.666810         0.997975 
     5216.676810         1.002668 
     5216.686810         0.994613 
     5216.696810         0.994675 
     5216.706809         0.997738 
     5216.716809         0.995004 
     5216.726809         0.996621 
     5216.736809         1.005118 
     5216.746809         1.013876 
     5216.756809         1.010613 
     5216.766808         1.000945 
     5216.776808         1.003130 
     5216.786808         1.001825 
     5216.796808         0.994291 
     5216.806808         0.996060 
     5216.816807         1.001078 
     5216.826807         1.002039 
     5216.836807         0.997654 
     5216.846807         0.992407 
     5216.856807         0.991189 
     5216.866806         0.992872 
     5216.876806         0.995882 
     5216.886806         0.998175 
     5216.896806         1.000584 
     5216.906806         1.002343 
     5216.916805         1.001664 
     5216.926805         1.003270 
     5216.936805         1.005718 
     5216.946805         1.001043 
     5216.956805         0.999508 
     5216.966804         1.005038 
     5216.976804         1.008229 
     5216.986804         1.006502 
     5216.996804         1.000921 
     5217.006804         0.997275 
     5217.016803         0.994539 
     5217.026803         0.991751 
     5217.036803         0.996058 
     5217.046803         1.002503 
     5217.056803         1.000933 
     5217.066802         0.993915 
     5217.076802         0.989535 
     5217.086802         0.997698 
     5217.096802         0.998579 
     5217.106802         0.989433 
     5217.116801         0.991991 
     5217.126801         0.992195 
     5217.136801         0.983378 
     5217.146801         0.983196 
     5217.156801         0.985478 
     5217.166800         0.981763 
     5217.176800         0.976703 
     5217.186800         0.971215 
     5217.196800         0.964775 
     5217.206800         0.956994 
     5217.216799         0.950393 
     5217.226799         0.947430 
     5217.236799         0.936573 
     5217.246799         0.918650 
     5217.256799         0.905589 
     5217.266798         0.884865 
     5217.276798         0.853539 
     5217.286798         0.824656 
     5217.296798         0.788011 
     5217.306798         0.737632 
     5217.316797         0.685305 
     5217.326797         0.628955 
     5217.336797         0.565413 
     5217.346797         0.501902 
     5217.356797         0.442596 
     5217.366796         0.390295 
     5217.376796         0.349769 
     5217.386796         0.322546 
     5217.396796         0.309697 
     5217.406796         0.316770 
     5217.416795         0.345267 
     5217.426795         0.392331 
     5217.436795         0.449417 
     5217.446795         0.511549 
     5217.456795         0.577625 
     5217.466794         0.643075 
     5217.476794         0.704841 
     5217.486794         0.762669 
     5217.496794         0.810923 
     5217.506794         0.845411 
     5217.516793         0.874453 
     5217.526793         0.898141 
     5217.536793         0.913715 
     5217.546793         0.927133 
     5217.556793         0.939923 
     5217.566792         0.950650 
     5217.576792         0.958692 
     5217.586792         0.964682 
     5217.596792         0.971042 
     5217.606792         0.975002 
     5217.616791         0.977794 
     5217.626791         0.985385 
     5217.636791         0.984500 
     5217.646791         0.972971 
     5217.656791         0.983890 
     5217.666791         0.998309 
     5217.676790         0.995020 
     5217.686790         0.996703 
     5217.696790         0.999654 
     5217.706790         0.993507 
     5217.716790         0.994648 
     5217.726789         0.998823 
     5217.736789         0.991032 
     5217.746789         0.988194 
     5217.756789         0.990978 
     5217.766789         0.983282 
     5217.776788         0.973479 
     5217.786788         0.965046 
     5217.796788         0.950910 
     5217.806788         0.932965 
     5217.816788         0.913546 
     5217.826787         0.892720 
     5217.836787         0.865624 
     5217.846787         0.831041 
     5217.856787         0.802668 
     5217.866787         0.770872 
     5217.876786         0.724124 
     5217.886786         0.688782 
     5217.896786         0.664768 
     5217.906786         0.639321 
     5217.916786         0.630966 
     5217.926785         0.643302 
     5217.936785         0.666965 
     5217.946785         0.699238 
     5217.956785         0.739737 
     5217.966785         0.787663 
     5217.976784         0.833065 
     5217.986784         0.871596 
     5217.996784         0.909768 
     5218.006784         0.935632 
     5218.016784         0.943028 
     5218.026783         0.956034 
     5218.036783         0.970141 
     5218.046783         0.974836 
     5218.056783         0.976083 
     5218.066783         0.973672 
     5218.076782         0.965261 
     5218.086782         0.958474 
     5218.096782         0.951791 
     5218.106782         0.937390 
     5218.116782         0.914168 
     5218.126781         0.885687 
     5218.136781         0.858517 
     5218.146781         0.816193 
     5218.156781         0.757834 
     5218.166781         0.710009 
     5218.176780         0.667236 
     5218.186780         0.625302 
     5218.196780         0.596023 
     5218.206780         0.582389 
     5218.216780         0.586874 
     5218.226779         0.616831 
     5218.236779         0.658532 
     5218.246779         0.695939 
     5218.256779         0.745578 
     5218.266779         0.798598 
     5218.276778         0.834926 
     5218.286778         0.870145 
     5218.296778         0.905254 
     5218.306778         0.928329 
     5218.316778         0.944355 
     5218.326777         0.956322 
     5218.336777         0.962880 
     5218.346777         0.972099 
     5218.356777         0.984380 
     5218.366777         0.984649 
     5218.376776         0.984347 
     5218.386776         0.991845 
     5218.396776         0.993881 
     5218.406776         0.994765 
     5218.416776         0.999114 
     5218.426775         0.997215 
     5218.436775         0.992372 
     5218.446775         0.992497 
     5218.456775         0.995253 
     5218.466775         0.992892 
     5218.476774         0.978397 
     5218.486774         0.972887 
     5218.496774         0.976266 
     5218.506774         0.971190 
     5218.516774         0.972672 
     5218.526773         0.983812 
     5218.536773         0.989301 
     5218.546773         0.990033 
     5218.556773         0.990024 
     5218.566773         0.995215 
     5218.576773         1.002415 
     5218.586772         1.006053 
     5218.596772         1.000829 
     5218.606772         0.994519 
     5218.616772         0.995527 
     5218.626772         0.997796 
     5218.636771         0.999707 
     5218.646771         1.002286 
     5218.656771         1.007562 
     5218.666771         1.010987 
     5218.676771         1.005827 
     5218.686770         1.003900 
     5218.696770         1.006775 
     5218.706770         1.008121 
     5218.716770         1.008293 
     5218.726770         1.007017 
     5218.736769         1.002393 
     5218.746769         0.997224 
     5218.756769         0.995584 
     5218.766769         1.003102 
     5218.776769         1.006323 
     5218.786768         0.999003 
     5218.796768         0.999181 
     5218.806768         1.000858 
     5218.816768         0.997020 
     5218.826768         0.996752 
     5218.836767         0.997632 
     5218.846767         0.995593 
     5218.856767         0.996066 
     5218.866767         0.997041 
     5218.876767         0.994707 
     5218.886766         0.998438 
     5218.896766         1.004268 
     5218.906766         0.999442 
     5218.916766         0.993844 
     5218.926766         0.991377 
     5218.936765         0.989273 
     5218.946765         0.990283 
     5218.956765         0.991990 
     5218.966765         0.986345 
     5218.976765         0.980016 
     5218.986764         0.978624 
     5218.996764         0.980480 
     5219.006764         0.982548 
     5219.016764         0.981637 
     5219.026764         0.975236 
     5219.036763         0.971776 
     5219.046763         0.977857 
     5219.056763         0.979422 
     5219.066763         0.977150 
     5219.076763         0.977498 
     5219.086762         0.984693 
     5219.096762         0.991804 
     5219.106762         0.988538 
     5219.116762         0.991744 
     5219.126762         0.999228 
     5219.136761         0.995644 
     5219.146761         0.993218 
     5219.156761         0.995970 
     5219.166761         0.998167 
     5219.176761         1.000492 
     5219.186760         1.002840 
     5219.196760         1.003747 
     5219.206760         1.001819 
     5219.216760         0.998816 
     5219.226760         1.000683 
     5219.236759         0.998830 
     5219.246759         0.989981 
     5219.256759         0.994497 
     5219.266759         1.003573 
     5219.276759         1.004815 
     5219.286758         1.002139 
     5219.296758         0.999562 
     5219.306758         0.998776 
     5219.316758         0.995174 
     5219.326758         0.993201 
     5219.336757         0.999802 
     5219.346757         1.004560 
     5219.356757         1.003303 
     5219.366757         0.997675 
     5219.376757         0.998495 
     5219.386756         1.004774 
     5219.396756         1.004496 
     5219.406756         1.000450 
     5219.416756         0.997156 
     5219.426756         0.998435 
     5219.436755         1.001740 
     5219.446755         1.003449 
     5219.456755         1.000529 
     5219.466755         0.998628 
     5219.476755         0.999779 
     5219.486755         0.995309 
     5219.496754         0.995137 
     5219.506754         1.003890 
     5219.516754         0.995434 
     5219.526754         0.987067 
     5219.536754         1.000083 
     5219.546753         1.000949 
     5219.556753         0.991071 
     5219.566753         0.986576 
     5219.576753         0.983383 
     5219.586753         0.978636 
     5219.596752         0.970829 
     5219.606752         0.961273 
     5219.616752         0.950647 
     5219.626752         0.938344 
     5219.636752         0.912444 
     5219.646751         0.877346 
     5219.656751         0.852709 
     5219.666751         0.824608 
     5219.676751         0.789252 
     5219.686751         0.762033 
     5219.696750         0.747848 
     5219.706750         0.747823 
     5219.716750         0.760055 
     5219.726750         0.782844 
     5219.736750         0.813347 
     5219.746749         0.844208 
     5219.756749         0.875062 
     5219.766749         0.906286 
     5219.776749         0.931519 
     5219.786749         0.949473 
     5219.796748         0.961553 
     5219.806748         0.970296 
     5219.816748         0.977996 
     5219.826748         0.986088 
     5219.836748         0.988927 
     5219.846747         0.989559 
     5219.856747         0.994606 
     5219.866747         0.996377 
     5219.876747         0.994843 
     5219.886747         0.995094 
     5219.896746         0.993365 
     5219.906746         0.990107 
     5219.916746         0.991554 
     5219.926746         0.995364 
     5219.936746         0.997091 
     5219.946745         0.989639 
     5219.956745         0.983259 
     5219.966745         0.983733 
     5219.976745         0.984907 
     5219.986745         0.983251 
     5219.996744         0.975902 
     5220.006744         0.959093 
     5220.016744         0.942081 
     5220.026744         0.931251 
     5220.036744         0.913263 
     5220.046743         0.891634 
     5220.056743         0.873228 
     5220.066743         0.859825 
     5220.076743         0.856273 
     5220.086743         0.865174 
     5220.096742         0.871243 
     5220.106742         0.875412 
     5220.116742         0.886468 
     5220.126742         0.903883 
     5220.136742         0.921420 
     5220.146741         0.930533 
     5220.156741         0.940160 
     5220.166741         0.950692 
     5220.176741         0.954887 
     5220.186741         0.950883 
     5220.196740         0.941138 
     5220.206740         0.930903 
     5220.216740         0.920187 
     5220.226740         0.905741 
     5220.236740         0.881105 
     5220.246739         0.849588 
     5220.256739         0.817661 
     5220.266739         0.792879 
     5220.276739         0.772988 
     5220.286739         0.758385 
     5220.296738         0.758514 
     5220.306738         0.767383 
     5220.316738         0.781015 
     5220.326738         0.809823 
     5220.336738         0.844312 
     5220.346737         0.872261 
     5220.356737         0.893329 
     5220.366737         0.914815 
     5220.376737         0.941511 
     5220.386737         0.955568 
     5220.396737         0.963844 
