     5138.738352         0.960967 
     5138.748352         0.974987 
     5138.758351         0.981391 
     5138.768351         0.989131 
     5138.778351         0.993596 
     5138.788351         0.997149 
     5138.798351         1.002073 
     5138.808350         0.998131 
     5138.818350         0.996784 
     5138.828350         1.005934 
     5138.838350         0.998960 
     5138.848350         0.992665 
     5138.858349         0.997726 
     5138.868349         0.997999 
     5138.878349         0.995785 
     5138.888349         0.995244 
     5138.898349         0.996254 
     5138.908348         0.994754 
     5138.918348         0.990652 
     5138.928348         0.987787 
     5138.938348         0.986861 
     5138.948348         0.984471 
     5138.958347         0.977543 
     5138.968347         0.974572 
     5138.978347         0.973878 
     5138.988347         0.971537 
     5138.998347         0.965261 
     5139.008346         0.959833 
     5139.018346         0.956227 
     5139.028346         0.948901 
     5139.038346         0.942324 
     5139.048346         0.932796 
     5139.058345         0.912182 
     5139.068345         0.895294 
     5139.078345         0.884784 
     5139.088345         0.873534 
     5139.098345         0.855684 
     5139.108344         0.832420 
     5139.118344         0.807771 
     5139.128344         0.784170 
     5139.138344         0.751451 
     5139.148344         0.708889 
     5139.158343         0.674743 
     5139.168343         0.631407 
     5139.178343         0.575695 
     5139.188343         0.522834 
     5139.198343         0.465483 
     5139.208342         0.405602 
     5139.218342         0.351935 
     5139.228342         0.304717 
     5139.238342         0.266682 
     5139.248342         0.240097 
     5139.258341         0.224818 
     5139.268341         0.224845 
     5139.278341         0.241513 
     5139.288341         0.269222 
     5139.298341         0.303591 
     5139.308341         0.342451 
     5139.318340         0.384915 
     5139.328340         0.422738 
     5139.338340         0.450449 
     5139.348340         0.466888 
     5139.358340         0.476969 
     5139.368339         0.477229 
     5139.378339         0.463505 
     5139.388339         0.440115 
     5139.398339         0.414291 
     5139.408339         0.386853 
     5139.418338         0.345770 
     5139.428338         0.302740 
     5139.438338         0.266184 
     5139.448338         0.233598 
     5139.458338         0.210916 
     5139.468337         0.199373 
     5139.478337         0.197394 
     5139.488337         0.209940 
     5139.498337         0.237723 
     5139.508337         0.277768 
     5139.518336         0.324970 
     5139.528336         0.378035 
     5139.538336         0.434284 
     5139.548336         0.485952 
     5139.558336         0.532922 
     5139.568335         0.572434 
     5139.578335         0.596753 
     5139.588335         0.619461 
     5139.598335         0.640309 
     5139.608335         0.647280 
     5139.618334         0.649566 
     5139.628334         0.652563 
     5139.638334         0.658340 
     5139.648334         0.665783 
     5139.658334         0.680374 
     5139.668333         0.706679 
     5139.678333         0.737275 
     5139.688333         0.765278 
     5139.698333         0.791337 
     5139.708333         0.824094 
     5139.718332         0.857406 
     5139.728332         0.885206 
     5139.738332         0.904878 
     5139.748332         0.917782 
     5139.758332         0.926709 
     5139.768331         0.934190 
     5139.778331         0.943538 
     5139.788331         0.949542 
     5139.798331         0.950341 
     5139.808331         0.959762 
     5139.818330         0.966853 
     5139.828330         0.965171 
     5139.838330         0.962295 
     5139.848330         0.965184 
     5139.858330         0.968971 
     5139.868329         0.962493 
     5139.878329         0.957931 
     5139.888329         0.956312 
     5139.898329         0.952967 
     5139.908329         0.950502 
     5139.918328         0.945094 
     5139.928328         0.936893 
     5139.938328         0.942805 
     5139.948328         0.951621 
     5139.958328         0.956213 
     5139.968327         0.965134 
     5139.978327         0.978204 
     5139.988327         0.987253 
     5139.998327         0.983506 
     5140.008327         0.986353 
     5140.018326         0.993034 
     5140.028326         0.992760 
     5140.038326         0.995451 
     5140.048326         0.996225 
     5140.058326         0.992043 
     5140.068325         0.991840 
     5140.078325         0.990398 
     5140.088325         0.984981 
     5140.098325         0.980121 
     5140.108325         0.974250 
     5140.118324         0.969775 
     5140.128324         0.969604 
     5140.138324         0.960240 
     5140.148324         0.952774 
     5140.158324         0.959020 
     5140.168323         0.959213 
     5140.178323         0.957693 
     5140.188323         0.960963 
     5140.198323         0.964949 
     5140.208323         0.970460 
     5140.218323         0.977834 
     5140.228322         0.984266 
     5140.238322         0.987565 
     5140.248322         0.991854 
     5140.258322         1.000335 
     5140.268322         1.000185 
     5140.278321         0.999839 
     5140.288321         1.006452 
     5140.298321         1.000010 
     5140.308321         0.994174 
     5140.318321         0.995907 
     5140.328320         0.991048 
     5140.338320         0.982097 
     5140.348320         0.975793 
     5140.358320         0.977665 
     5140.368320         0.977413 
     5140.378319         0.974281 
     5140.388319         0.972974 
     5140.398319         0.972266 
     5140.408319         0.974986 
     5140.418319         0.981275 
     5140.428318         0.982785 
     5140.438318         0.985977 
     5140.448318         0.995211 
     5140.458318         1.004465 
     5140.468318         1.006649 
     5140.478317         1.004607 
     5140.488317         1.007612 
     5140.498317         1.011298 
     5140.508317         1.013293 
     5140.518317         1.010648 
     5140.528316         1.000580 
     5140.538316         0.998218 
     5140.548316         1.006657 
     5140.558316         1.005539 
     5140.568316         1.005689 
     5140.578315         1.008384 
     5140.588315         1.004033 
     5140.598315         1.003294 
     5140.608315         1.005058 
     5140.618315         1.003810 
     5140.628314         1.007070 
     5140.638314         1.007357 
     5140.648314         1.001467 
     5140.658314         1.002831 
     5140.668314         1.006716 
     5140.678313         1.006604 
     5140.688313         0.999286 
     5140.698313         0.995039 
     5140.708313         0.994897 
     5140.718313         0.993861 
     5140.728312         0.988918 
     5140.738312         0.982090 
     5140.748312         0.974292 
     5140.758312         0.959366 
     5140.768312         0.938662 
     5140.778311         0.915666 
     5140.788311         0.894724 
     5140.798311         0.873976 
     5140.808311         0.856256 
     5140.818311         0.848361 
     5140.828310         0.850225 
     5140.838310         0.861616 
     5140.848310         0.880299 
     5140.858310         0.900449 
     5140.868310         0.921100 
     5140.878309         0.940405 
     5140.888309         0.954325 
     5140.898309         0.965216 
     5140.908309         0.975158 
     5140.918309         0.985566 
     5140.928308         0.991710 
     5140.938308         0.994142 
     5140.948308         0.996929 
     5140.958308         0.998315 
     5140.968308         0.998144 
     5140.978307         0.996685 
     5140.988307         0.996323 
     5140.998307         0.993644 
     5141.008307         0.991013 
     5141.018307         0.997219 
     5141.028306         0.996399 
     5141.038306         0.992630 
     5141.048306         0.999778 
     5141.058306         0.996964 
     5141.068306         0.992166 
     5141.078305         0.997162 
     5141.088305         0.993293 
     5141.098305         0.988363 
     5141.108305         0.986893 
     5141.118305         0.981309 
     5141.128305         0.975910 
     5141.138304         0.970651 
     5141.148304         0.958623 
     5141.158304         0.934878 
     5141.168304         0.911955 
     5141.178304         0.903031 
     5141.188303         0.892620 
     5141.198303         0.884816 
     5141.208303         0.884254 
     5141.218303         0.885198 
     5141.228303         0.891026 
     5141.238302         0.900978 
     5141.248302         0.910316 
     5141.258302         0.917985 
     5141.268302         0.922144 
     5141.278302         0.924484 
     5141.288301         0.935717 
     5141.298301         0.940116 
     5141.308301         0.931591 
     5141.318301         0.936793 
     5141.328301         0.945910 
     5141.338300         0.952220 
     5141.348300         0.959211 
     5141.358300         0.972621 
     5141.368300         0.986379 
     5141.378300         0.989721 
     5141.388299         0.988208 
     5141.398299         0.988468 
     5141.408299         0.993589 
     5141.418299         0.995532 
     5141.428299         0.999551 
     5141.438298         1.004173 
     5141.448298         1.002058 
     5141.458298         1.001509 
     5141.468298         1.002896 
     5141.478298         1.000880 
     5141.488297         0.997281 
     5141.498297         0.995012 
     5141.508297         0.995985 
     5141.518297         0.997172 
     5141.528297         0.995538 
     5141.538296         0.989445 
     5141.548296         0.980104 
     5141.558296         0.974490 
     5141.568296         0.973100 
     5141.578296         0.971354 
     5141.588295         0.964432 
     5141.598295         0.953054 
     5141.608295         0.938446 
     5141.618295         0.918886 
     5141.628295         0.897364 
     5141.638294         0.874639 
     5141.648294         0.845921 
     5141.658294         0.807608 
     5141.668294         0.758597 
     5141.678294         0.700565 
     5141.688293         0.638812 
     5141.698293         0.571906 
     5141.708293         0.501039 
     5141.718293         0.437542 
     5141.728293         0.386637 
     5141.738292         0.354811 
     5141.748292         0.351062 
     5141.758292         0.369702 
     5141.768292         0.408208 
     5141.778292         0.466557 
     5141.788291         0.538901 
     5141.798291         0.613394 
     5141.808291         0.681207 
     5141.818291         0.746792 
     5141.828291         0.807253 
     5141.838290         0.854829 
     5141.848290         0.880913 
     5141.858290         0.896777 
     5141.868290         0.912189 
     5141.878290         0.930703 
     5141.888289         0.941683 
     5141.898289         0.944654 
     5141.908289         0.946202 
     5141.918289         0.957279 
     5141.928289         0.966218 
     5141.938288         0.969199 
     5141.948288         0.978481 
     5141.958288         0.986094 
     5141.968288         0.990473 
     5141.978288         0.994905 
     5141.988287         0.993574 
     5141.998287         0.993006 
     5142.008287         0.996830 
     5142.018287         0.994464 
     5142.028287         0.991108 
     5142.038287         0.989796 
     5142.048286         0.988330 
     5142.058286         0.985016 
     5142.068286         0.978784 
     5142.078286         0.969899 
     5142.088286         0.965932 
     5142.098285         0.964017 
     5142.108285         0.962449 
     5142.118285         0.968431 
     5142.128285         0.968651 
     5142.138285         0.962872 
     5142.148284         0.965228 
     5142.158284         0.973466 
     5142.168284         0.980524 
     5142.178284         0.980777 
     5142.188284         0.975920 
     5142.198283         0.976152 
     5142.208283         0.981027 
     5142.218283         0.967513 
     5142.228283         0.958911 
     5142.238283         0.958774 
     5142.248282         0.948756 
     5142.258282         0.938778 
     5142.268282         0.932230 
     5142.278282         0.926913 
     5142.288282         0.922815 
     5142.298281         0.926871 
     5142.308281         0.934838 
     5142.318281         0.925076 
     5142.328281         0.926141 
     5142.338281         0.935967 
     5142.348280         0.928450 
     5142.358280         0.925175 
     5142.368280         0.918304 
     5142.378280         0.897762 
     5142.388280         0.886214 
     5142.398279         0.871308 
     5142.408279         0.841502 
     5142.418279         0.799814 
     5142.428279         0.753249 
     5142.438279         0.704088 
     5142.448278         0.649554 
     5142.458278         0.584399 
     5142.468278         0.521734 
     5142.478278         0.471767 
     5142.488278         0.421739 
     5142.498277         0.379231 
     5142.508277         0.348164 
     5142.518277         0.325933 
     5142.528277         0.311635 
     5142.538277         0.308639 
     5142.548276         0.322302 
     5142.558276         0.352128 
     5142.568276         0.393824 
     5142.578276         0.446452 
     5142.588276         0.513343 
     5142.598275         0.582841 
     5142.608275         0.645919 
     5142.618275         0.700239 
     5142.628275         0.747316 
     5142.638275         0.785273 
     5142.648274         0.811512 
     5142.658274         0.827170 
     5142.668274         0.826562 
     5142.678274         0.812494 
     5142.688274         0.801070 
     5142.698273         0.775473 
     5142.708273         0.733263 
     5142.718273         0.685009 
     5142.728273         0.629932 
     5142.738273         0.574096 
     5142.748272         0.521536 
     5142.758272         0.467619 
     5142.768272         0.425160 
     5142.778272         0.402627 
     5142.788272         0.399305 
     5142.798271         0.414438 
     5142.808271         0.441507 
     5142.818271         0.472260 
     5142.828271         0.502357 
     5142.838271         0.524146 
     5142.848270         0.531887 
     5142.858270         0.526475 
     5142.868270         0.500580 
     5142.878270         0.458322 
     5142.888270         0.413586 
     5142.898269         0.363284 
     5142.908269         0.315512 
     5142.918269         0.281261 
     5142.928269         0.260102 
     5142.938269         0.256956 
     5142.948269         0.275248 
     5142.958268         0.314519 
     5142.968268         0.372862 
     5142.978268         0.448470 
     5142.988268         0.536788 
     5142.998268         0.620549 
     5143.008267         0.702161 
     5143.018267         0.778479 
     5143.028267         0.825721 
     5143.038267         0.866573 
     5143.048267         0.906746 
     5143.058266         0.929824 
     5143.068266         0.943622 
     5143.078266         0.953177 
     5143.088266         0.960783 
     5143.098266         0.968925 
     5143.108265         0.973638 
     5143.118265         0.974452 
     5143.128265         0.977856 
     5143.138265         0.985600 
     5143.148265         0.989065 
     5143.158264         0.980553 
     5143.168264         0.984031 
     5143.178264         0.990676 
     5143.188264         0.989735 
     5143.198264         0.992394 
     5143.208263         0.994536 
     5143.218263         0.991263 
     5143.228263         0.984775 
     5143.238263         0.990575 
     5143.248263         0.996927 
     5143.258262         0.987162 
     5143.268262         0.975646 
     5143.278262         0.969719 
     5143.288262         0.968037 
     5143.298262         0.961501 
     5143.308261         0.956631 
     5143.318261         0.954576 
     5143.328261         0.953225 
     5143.338261         0.954508 
     5143.348261         0.954094 
     5143.358260         0.953357 
     5143.368260         0.966643 
     5143.378260         0.974499 
     5143.388260         0.974419 
     5143.398260         0.983730 
     5143.408259         0.983643 
     5143.418259         0.985294 
     5143.428259         1.000567 
     5143.438259         0.996778 
     5143.448259         0.994622 
     5143.458258         1.004508 
     5143.468258         1.005523 
     5143.478258         0.999632 
     5143.488258         0.994545 
     5143.498258         0.996475 
     5143.508257         0.995716 
     5143.518257         0.989049 
     5143.528257         0.979919 
     5143.538257         0.978527 
     5143.548257         0.972498 
     5143.558256         0.959045 
     5143.568256         0.947651 
     5143.578256         0.948387 
     5143.588256         0.949868 
     5143.598256         0.943051 
     5143.608255         0.943467 
     5143.618255         0.944393 
     5143.628255         0.944240 
     5143.638255         0.950772 
     5143.648255         0.942117 
     5143.658254         0.921305 
     5143.668254         0.902950 
     5143.678254         0.884969 
     5143.688254         0.855893 
     5143.698254         0.819072 
     5143.708253         0.799940 
     5143.718253         0.785649 
     5143.728253         0.776364 
     5143.738253         0.785099 
     5143.748253         0.811135 
     5143.758252         0.842635 
     5143.768252         0.870413 
     5143.778252         0.895108 
     5143.788252         0.919086 
     5143.798252         0.937411 
     5143.808251         0.942426 
     5143.818251         0.954517 
     5143.828251         0.963143 
     5143.838251         0.954984 
     5143.848251         0.952589 
     5143.858251         0.956733 
     5143.868250         0.958963 
     5143.878250         0.952603 
     5143.888250         0.948842 
     5143.898250         0.950996 
     5143.908250         0.956919 
     5143.918249         0.964229 
     5143.928249         0.970656 
     5143.938249         0.975357 
     5143.948249         0.982612 
     5143.958249         0.987521 
     5143.968248         0.987856 
     5143.978248         0.984914 
     5143.988248         0.982782 
     5143.998248         0.982670 
     5144.008248         0.983264 
     5144.018247         0.982412 
     5144.028247         0.982572 
     5144.038247         0.982916 
     5144.048247         0.979553 
     5144.058247         0.979697 
     5144.068246         0.984348 
     5144.078246         0.989653 
     5144.088246         0.987553 
     5144.098246         0.989932 
     5144.108246         0.996991 
     5144.118245         0.995276 
     5144.128245         0.997004 
     5144.138245         0.999749 
     5144.148245         0.997823 
     5144.158245         1.006605 
     5144.168244         1.011371 
     5144.178244         1.004993 
     5144.188244         1.002192 
     5144.198244         0.999562 
     5144.208244         0.998605 
     5144.218243         1.002185 
     5144.228243         1.001644 
     5144.238243         1.004349 
     5144.248243         1.010526 
     5144.258243         1.002983 
     5144.268242         0.999009 
     5144.278242         1.000459 
     5144.288242         0.996605 
     5144.298242         0.997231 
     5144.308242         0.996779 
     5144.318241         0.990590 
     5144.328241         0.987195 
     5144.338241         0.989238 
     5144.348241         0.987057 
     5144.358241         0.970156 
     5144.368240         0.967697 
     5144.378240         0.973109 
     5144.388240         0.971183 
     5144.398240         0.968346 
     5144.408240         0.965441 
     5144.418239         0.966784 
     5144.428239         0.978128 
     5144.438239         0.984278 
     5144.448239         0.984668 
     5144.458239         0.985164 
     5144.468238         0.988977 
     5144.478238         0.987561 
     5144.488238         0.978160 
     5144.498238         0.968865 
     5144.508238         0.962837 
     5144.518237         0.955431 
     5144.528237         0.941500 
     5144.538237         0.925176 
     5144.548237         0.905852 
     5144.558237         0.887930 
     5144.568236         0.884737 
     5144.578236         0.883819 
     5144.588236         0.879311 
     5144.598236         0.872730 
     5144.608236         0.864001 
     5144.618235         0.862278 
     5144.628235         0.863652 
     5144.638235         0.842186 
     5144.648235         0.825936 
     5144.658235         0.819664 
     5144.668234         0.810893 
     5144.678234         0.812049 
     5144.688234         0.824461 
     5144.698234         0.843788 
     5144.708234         0.863564 
     5144.718233         0.889045 
     5144.728233         0.918249 
     5144.738233         0.942788 
