     6803.845415         0.973099 
     6803.855414         0.972845 
     6803.865414         0.973900 
     6803.875414         0.974655 
     6803.885414         0.972120 
     6803.895414         0.966516 
     6803.905413         0.958080 
     6803.915413         0.951091 
     6803.925413         0.944739 
     6803.935413         0.932156 
     6803.945413         0.914636 
     6803.955412         0.900839 
     6803.965412         0.889849 
     6803.975412         0.878294 
     6803.985412         0.867405 
     6803.995412         0.858605 
     6804.005412         0.855306 
     6804.015411         0.860533 
     6804.025411         0.868388 
     6804.035411         0.878047 
     6804.045411         0.891204 
     6804.055411         0.907236 
     6804.065410         0.918860 
     6804.075410         0.929391 
     6804.085410         0.946213 
     6804.095410         0.963447 
     6804.105410         0.971135 
     6804.115409         0.975749 
     6804.125409         0.981721 
     6804.135409         0.984755 
     6804.145409         0.983261 
     6804.155409         0.982154 
     6804.165408         0.982932 
     6804.175408         0.982427 
     6804.185408         0.978125 
     6804.195408         0.966279 
     6804.205408         0.951372 
     6804.215407         0.941079 
     6804.225407         0.930797 
     6804.235407         0.916266 
     6804.245407         0.905161 
     6804.255407         0.901540 
     6804.265406         0.899093 
     6804.275406         0.896881 
     6804.285406         0.900787 
     6804.295406         0.908311 
     6804.305406         0.908186 
     6804.315405         0.909820 
     6804.325405         0.930154 
     6804.335405         0.951330 
     6804.345405         0.955690 
     6804.355405         0.956129 
     6804.365404         0.962203 
     6804.375404         0.971026 
     6804.385404         0.979724 
     6804.395404         0.986202 
     6804.405404         0.989104 
     6804.415403         0.988332 
     6804.425403         0.985448 
     6804.435403         0.983166 
     6804.445403         0.983938 
     6804.455403         0.988645 
     6804.465402         0.992215 
     6804.475402         0.990205 
     6804.485402         0.989308 
     6804.495402         0.991880 
     6804.505402         0.994371 
     6804.515401         0.996140 
     6804.525401         0.997564 
     6804.535401         0.997880 
     6804.545401         0.994134 
     6804.555401         0.991403 
     6804.565400         0.994487 
     6804.575400         0.996535 
     6804.585400         0.991566 
     6804.595400         0.992129 
     6804.605400         1.001352 
     6804.615399         1.003361 
     6804.625399         0.995393 
     6804.635399         0.991969 
     6804.645399         0.993185 
     6804.655399         0.995168 
     6804.665398         0.996776 
     6804.675398         0.996736 
     6804.685398         0.994974 
     6804.695398         0.991562 
     6804.705398         0.991658 
     6804.715397         0.996063 
     6804.725397         1.000688 
     6804.735397         1.002240 
     6804.745397         1.001447 
     6804.755397         0.999591 
     6804.765396         0.999357 
     6804.775396         1.000244 
     6804.785396         1.001248 
     6804.795396         1.002292 
     6804.805396         1.003922 
     6804.815395         1.004102 
     6804.825395         1.001274 
     6804.835395         1.001172 
     6804.845395         1.002887 
     6804.855395         1.000700 
     6804.865394         0.996510 
     6804.875394         0.997725 
     6804.885394         1.000855 
     6804.895394         0.999608 
     6804.905394         0.998173 
     6804.915394         1.000494 
     6804.925393         1.002525 
     6804.935393         1.002063 
     6804.945393         1.000076 
     6804.955393         0.998311 
     6804.965393         0.997056 
     6804.975392         0.997712 
     6804.985392         1.000937 
     6804.995392         1.003128 
     6805.005392         0.999424 
     6805.015392         0.994020 
     6805.025391         0.992683 
     6805.035391         0.994023 
     6805.045391         0.997948 
     6805.055391         0.999954 
     6805.065391         0.998543 
     6805.075390         0.999654 
     6805.085390         1.002116 
     6805.095390         1.000514 
     6805.105390         0.997717 
     6805.115390         0.998876 
     6805.125389         1.000728 
     6805.135389         1.000902 
     6805.145389         1.000445 
     6805.155389         0.999789 
     6805.165389         1.000616 
     6805.175388         1.003650 
     6805.185388         1.003748 
     6805.195388         1.001761 
     6805.205388         1.001480 
     6805.215388         1.002179 
     6805.225387         1.004009 
     6805.235387         1.004270 
     6805.245387         1.001578 
     6805.255387         0.999974 
     6805.265387         1.001608 
     6805.275386         1.002683 
     6805.285386         1.002564 
     6805.295386         1.000665 
     6805.305386         0.999381 
     6805.315386         1.005654 
     6805.325385         1.011464 
     6805.335385         1.005010 
     6805.345385         0.999713 
     6805.355385         1.005449 
     6805.365385         1.007800 
     6805.375384         0.999714 
     6805.385384         0.997504 
     6805.395384         1.004223 
     6805.405384         1.007047 
     6805.415384         1.005793 
     6805.425383         1.006302 
     6805.435383         1.006174 
     6805.445383         1.001171 
     6805.455383         0.998428 
     6805.465383         1.002936 
     6805.475382         1.001546 
     6805.485382         0.990514 
     6805.495382         0.987546 
     6805.505382         0.994010 
     6805.515382         0.995014 
     6805.525381         0.992317 
     6805.535381         0.994023 
     6805.545381         0.996377 
     6805.555381         0.992820 
     6805.565381         0.989477 
     6805.575380         0.990980 
     6805.585380         0.993313 
     6805.595380         0.994505 
     6805.605380         0.994694 
     6805.615380         0.994720 
     6805.625379         0.996111 
     6805.635379         0.997472 
     6805.645379         0.994394 
     6805.655379         0.991902 
     6805.665379         0.995223 
     6805.675378         1.001152 
     6805.685378         1.005324 
     6805.695378         1.004422 
     6805.705378         0.998438 
     6805.715378         0.995659 
     6805.725377         0.997755 
     6805.735377         1.000674 
     6805.745377         1.001619 
     6805.755377         0.995265 
     6805.765377         0.989958 
     6805.775376         0.992918 
     6805.785376         0.996906 
     6805.795376         0.996352 
     6805.805376         0.995517 
     6805.815376         0.996980 
     6805.825376         0.997947 
     6805.835375         0.997916 
     6805.845375         0.995704 
     6805.855375         0.993402 
     6805.865375         0.994173 
     6805.875375         0.995770 
     6805.885374         0.996987 
     6805.895374         0.996259 
     6805.905374         0.993748 
     6805.915374         0.993986 
     6805.925374         0.997088 
     6805.935373         0.999189 
     6805.945373         1.000054 
     6805.955373         0.999274 
     6805.965373         0.997301 
     6805.975373         0.994918 
     6805.985372         0.995274 
     6805.995372         0.999433 
     6806.005372         1.000811 
     6806.015372         0.996989 
     6806.025372         0.997157 
     6806.035371         1.002449 
     6806.045371         1.003220 
     6806.055371         1.000892 
     6806.065371         0.999647 
     6806.075371         0.999554 
     6806.085370         0.998930 
     6806.095370         0.998680 
     6806.105370         1.000596 
     6806.115370         1.001546 
     6806.125370         1.001297 
     6806.135369         1.001353 
     6806.145369         1.001996 
     6806.155369         0.999625 
     6806.165369         0.996080 
     6806.175369         0.994235 
     6806.185368         0.994618 
     6806.195368         0.998563 
     6806.205368         1.000881 
     6806.215368         0.999375 
     6806.225368         0.999468 
     6806.235367         1.002279 
     6806.245367         1.001916 
     6806.255367         0.999501 
     6806.265367         0.998870 
     6806.275367         0.998520 
     6806.285366         0.995744 
     6806.295366         0.994105 
     6806.305366         0.995812 
     6806.315366         0.995682 
     6806.325366         0.992431 
     6806.335365         0.991370 
     6806.345365         0.993615 
     6806.355365         0.994181 
     6806.365365         0.993229 
     6806.375365         0.992879 
     6806.385364         0.993240 
     6806.395364         0.995694 
     6806.405364         0.997903 
     6806.415364         0.999987 
     6806.425364         1.001472 
     6806.435363         1.001761 
     6806.445363         1.000389 
     6806.455363         0.997918 
     6806.465363         0.997860 
     6806.475363         0.999811 
     6806.485362         1.001476 
     6806.495362         1.000915 
     6806.505362         0.996473 
     6806.515362         0.995648 
     6806.525362         1.001897 
     6806.535361         1.002287 
     6806.545361         0.995713 
     6806.555361         0.995889 
     6806.565361         1.001056 
     6806.575361         0.999898 
     6806.585360         0.995495 
     6806.595360         0.994809 
     6806.605360         0.995322 
     6806.615360         0.993850 
     6806.625360         0.993713 
     6806.635359         0.996930 
     6806.645359         1.000526 
     6806.655359         1.002173 
     6806.665359         1.000823 
     6806.675359         0.998540 
     6806.685358         0.998089 
     6806.695358         0.997216 
     6806.705358         0.990921 
     6806.715358         0.983262 
     6806.725358         0.977757 
     6806.735358         0.970846 
     6806.745357         0.960542 
     6806.755357         0.946500 
     6806.765357         0.928701 
     6806.775357         0.907599 
     6806.785357         0.883851 
     6806.795356         0.858270 
     6806.805356         0.832441 
     6806.815356         0.807882 
     6806.825356         0.785485 
     6806.835356         0.766650 
     6806.845355         0.757313 
     6806.855355         0.757712 
     6806.865355         0.765797 
     6806.875355         0.780174 
     6806.885355         0.798855 
     6806.895354         0.821036 
     6806.905354         0.846592 
     6806.915354         0.873281 
     6806.925354         0.900477 
     6806.935354         0.922894 
     6806.945353         0.939225 
     6806.955353         0.951806 
     6806.965353         0.961226 
     6806.975353         0.969198 
     6806.985353         0.976518 
     6806.995352         0.983188 
     6807.005352         0.987867 
     6807.015352         0.989322 
     6807.025352         0.993265 
     6807.035352         1.002101 
     6807.045351         1.004404 
     6807.055351         0.999891 
     6807.065351         0.996839 
     6807.075351         0.996565 
     6807.085351         0.999419 
     6807.095350         1.001658 
     6807.105350         0.998956 
     6807.115350         0.998018 
     6807.125350         1.002587 
     6807.135350         1.002998 
     6807.145349         0.998747 
     6807.155349         0.999539 
     6807.165349         1.003720 
     6807.175349         0.999347 
     6807.185349         0.993675 
     6807.195348         1.000068 
     6807.205348         1.007178 
     6807.215348         1.003919 
     6807.225348         0.999130 
     6807.235348         0.998573 
     6807.245347         1.000633 
     6807.255347         1.003504 
     6807.265347         1.001341 
     6807.275347         0.998230 
     6807.285347         1.001015 
     6807.295346         1.003465 
     6807.305346         0.999186 
     6807.315346         0.995836 
     6807.325346         0.998603 
     6807.335346         1.001287 
     6807.345345         1.000371 
     6807.355345         0.995663 
     6807.365345         0.991534 
     6807.375345         0.997685 
     6807.385345         1.006080 
     6807.395344         1.005213 
     6807.405344         1.000280 
     6807.415344         0.998048 
     6807.425344         0.998609 
     6807.435344         1.000945 
     6807.445343         0.997567 
     6807.455343         0.990964 
     6807.465343         0.992020 
     6807.475343         0.996389 
     6807.485343         0.994699 
     6807.495342         0.992778 
     6807.505342         0.997194 
     6807.515342         0.999001 
     6807.525342         0.993242 
     6807.535342         0.991969 
     6807.545341         0.995703 
     6807.555341         0.998931 
     6807.565341         0.998688 
     6807.575341         0.991393 
     6807.585341         0.986788 
     6807.595340         0.995415 
     6807.605340         1.003860 
     6807.615340         1.002282 
     6807.625340         0.997657 
     6807.635340         0.995021 
     6807.645340         0.993673 
     6807.655339         0.993571 
     6807.665339         0.992271 
     6807.675339         0.991045 
     6807.685339         0.993796 
     6807.695339         0.997003 
     6807.705338         0.998444 
     6807.715338         0.998427 
     6807.725338         0.998697 
     6807.735338         0.999658 
     6807.745338         1.001191 
     6807.755337         1.000539 
     6807.765337         0.998054 
     6807.775337         0.993774 
     6807.785337         0.991937 
     6807.795337         0.995946 
     6807.805336         0.999583 
     6807.815336         0.999363 
     6807.825336         0.993903 
     6807.835336         0.985542 
     6807.845336         0.984515 
     6807.855335         0.988107 
     6807.865335         0.989217 
     6807.875335         0.989200 
     6807.885335         0.990793 
     6807.895335         0.992749 
     6807.905334         0.993773 
     6807.915334         0.989473 
     6807.925334         0.982347 
     6807.935334         0.984536 
     6807.945334         0.991984 
     6807.955333         0.989852 
     6807.965333         0.985112 
     6807.975333         0.989192 
     6807.985333         0.991160 
     6807.995333         0.983956 
     6808.005332         0.982362 
     6808.015332         0.989265 
     6808.025332         0.991846 
     6808.035332         0.989813 
     6808.045332         0.993462 
     6808.055331         0.998677 
     6808.065331         0.997549 
     6808.075331         0.996474 
     6808.085331         0.999225 
     6808.095331         1.002141 
     6808.105330         1.001950 
     6808.115330         1.000841 
     6808.125330         0.999564 
     6808.135330         1.002118 
     6808.145330         1.004446 
     6808.155329         0.999866 
     6808.165329         0.995855 
     6808.175329         0.998238 
     6808.185329         1.002771 
     6808.195329         1.005010 
     6808.205328         1.004749 
     6808.215328         1.002553 
     6808.225328         1.002561 
     6808.235328         1.002968 
     6808.245328         0.999098 
     6808.255327         0.995937 
     6808.265327         0.999990 
     6808.275327         1.002364 
     6808.285327         0.999360 
     6808.295327         0.996258 
     6808.305326         0.996104 
     6808.315326         0.998463 
     6808.325326         1.002153 
     6808.335326         1.003422 
     6808.345326         1.001681 
     6808.355325         0.996201 
     6808.365325         0.994108 
     6808.375325         0.997942 
     6808.385325         1.002696 
     6808.395325         1.004263 
     6808.405324         1.003524 
     6808.415324         1.001209 
     6808.425324         0.999627 
     6808.435324         1.000675 
     6808.445324         1.005105 
     6808.455323         1.008639 
     6808.465323         1.007928 
     6808.475323         1.003824 
     6808.485323         0.998157 
     6808.495323         0.995879 
     6808.505322         0.998226 
     6808.515322         1.002856 
     6808.525322         1.006282 
     6808.535322         1.004584 
     6808.545322         1.003331 
     6808.555322         1.008176 
     6808.565321         1.008553 
     6808.575321         1.002651 
     6808.585321         0.997180 
     6808.595321         0.995944 
     6808.605321         1.000040 
     6808.615320         1.005417 
     6808.625320         1.004692 
     6808.635320         1.002672 
     6808.645320         1.003421 
     6808.655320         1.005715 
     6808.665319         1.007108 
     6808.675319         1.004853 
     6808.685319         1.000984 
     6808.695319         1.002147 
     6808.705319         1.004866 
     6808.715318         1.002633 
     6808.725318         1.000473 
     6808.735318         1.004322 
     6808.745318         1.003443 
     6808.755318         0.995349 
     6808.765317         0.994467 
     6808.775317         1.001039 
     6808.785317         1.000898 
     6808.795317         0.997191 
     6808.805317         0.997051 
     6808.815316         0.997648 
     6808.825316         0.997202 
     6808.835316         0.997615 
     6808.845316         1.001086 
     6808.855316         1.002811 
     6808.865315         1.001649 
     6808.875315         0.998654 
     6808.885315         0.996691 
     6808.895315         0.999708 
     6808.905315         1.003379 
     6808.915314         1.004143 
     6808.925314         1.001194 
     6808.935314         0.995864 
     6808.945314         0.994185 
     6808.955314         0.995218 
     6808.965313         0.993767 
     6808.975313         0.991428 
     6808.985313         0.994442 
     6808.995313         0.997916 
     6809.005313         0.997151 
     6809.015312         0.996415 
     6809.025312         0.997723 
     6809.035312         0.998188 
     6809.045312         0.996286 
     6809.055312         0.994378 
     6809.065311         0.994137 
     6809.075311         0.996288 
     6809.085311         0.997393 
     6809.095311         0.995145 
     6809.105311         0.995188 
     6809.115310         1.000448 
     6809.125310         1.004225 
     6809.135310         1.003919 
     6809.145310         1.000770 
     6809.155310         0.996345 
     6809.165309         0.994132 
     6809.175309         0.993491 
     6809.185309         0.995142 
     6809.195309         0.996066 
     6809.205309         0.995034 
     6809.215308         0.991593 
     6809.225308         0.987653 
     6809.235308         0.986757 
     6809.245308         0.988761 
     6809.255308         0.991843 
     6809.265307         0.993498 
     6809.275307         0.992569 
     6809.285307         0.992519 
     6809.295307         0.996396 
     6809.305307         0.998831 
     6809.315306         0.998326 
     6809.325306         0.994483 
     6809.335306         0.991779 
     6809.345306         0.995601 
     6809.355306         1.000956 
     6809.365305         1.001629 
     6809.375305         1.000327 
     6809.385305         0.997276 
     6809.395305         0.991187 
     6809.405305         0.984751 
     6809.415304         0.988288 
     6809.425304         0.996512 
     6809.435304         0.997141 
     6809.445304         0.994732 
     6809.455304         0.992597 
     6809.465304         0.992718 
     6809.475303         0.995639 
     6809.485303         0.994358 
     6809.495303         0.989636 
     6809.505303         0.987645 
     6809.515303         0.988847 
     6809.525302         0.992395 
     6809.535302         0.994667 
     6809.545302         0.991611 
     6809.555302         0.988496 
     6809.565302         0.986757 
     6809.575301         0.987584 
     6809.585301         0.989300 
     6809.595301         0.988901 
     6809.605301         0.988511 
     6809.615301         0.992101 
     6809.625300         0.995769 
     6809.635300         0.997587 
     6809.645300         0.995885 
     6809.655300         0.992698 
     6809.665300         0.991769 
     6809.675299         0.993644 
     6809.685299         0.993844 
     6809.695299         0.995021 
     6809.705299         0.999671 
     6809.715299         1.003412 
     6809.725298         1.002440 
     6809.735298         1.000940 
     6809.745298         0.999848 
     6809.755298         0.999395 
     6809.765298         0.999964 
     6809.775297         1.002632 
     6809.785297         1.005560 
     6809.795297         1.006359 
     6809.805297         1.004151 
     6809.815297         1.000343 
     6809.825296         0.998572 
     6809.835296         0.999159 
     6809.845296         1.002525 
