     6790.255683         0.998205 
     6790.265683         0.996349 
     6790.275683         0.995514 
     6790.285683         0.995431 
     6790.295683         0.996165 
     6790.305682         0.996252 
     6790.315682         0.995301 
     6790.325682         0.992586 
     6790.335682         0.991292 
     6790.345682         0.994263 
     6790.355682         0.997061 
     6790.365681         0.996212 
     6790.375681         0.994522 
     6790.385681         0.995107 
     6790.395681         0.997080 
     6790.405681         1.000807 
     6790.415680         1.002639 
     6790.425680         1.001655 
     6790.435680         1.000545 
     6790.445680         1.001318 
     6790.455680         1.002168 
     6790.465679         1.001802 
     6790.475679         1.000154 
     6790.485679         0.997107 
     6790.495679         0.995389 
     6790.505679         0.996402 
     6790.515678         0.999341 
     6790.525678         1.002805 
     6790.535678         1.002545 
     6790.545678         0.998953 
     6790.555678         0.995741 
     6790.565677         0.993926 
     6790.575677         0.992146 
     6790.585677         0.991187 
     6790.595677         0.993504 
     6790.605677         0.996282 
     6790.615676         0.993253 
     6790.625676         0.988894 
     6790.635676         0.991314 
     6790.645676         0.995471 
     6790.655676         0.992576 
     6790.665675         0.988735 
     6790.675675         0.991358 
     6790.685675         0.995634 
     6790.695675         0.995147 
     6790.705675         0.993858 
     6790.715674         0.995179 
     6790.725674         0.997666 
     6790.735674         0.998703 
     6790.745674         0.999437 
     6790.755674         1.000364 
     6790.765673         1.000120 
     6790.775673         0.998204 
     6790.785673         0.996390 
     6790.795673         0.996477 
     6790.805673         0.996302 
     6790.815672         0.995233 
     6790.825672         0.995066 
     6790.835672         0.997199 
     6790.845672         1.000431 
     6790.855672         1.004394 
     6790.865671         1.004448 
     6790.875671         1.000571 
     6790.885671         1.000089 
     6790.895671         1.003260 
     6790.905671         1.004031 
     6790.915670         1.002648 
     6790.925670         1.004483 
     6790.935670         1.007089 
     6790.945670         1.002932 
     6790.955670         0.995635 
     6790.965669         0.995274 
     6790.975669         0.999211 
     6790.985669         0.999745 
     6790.995669         0.998600 
     6791.005669         1.000343 
     6791.015668         1.002225 
     6791.025668         1.000253 
     6791.035668         0.998082 
     6791.045668         1.001523 
     6791.055668         1.004350 
     6791.065667         1.001687 
     6791.075667         0.998409 
     6791.085667         1.000079 
     6791.095667         1.002789 
     6791.105667         1.003747 
     6791.115666         1.002459 
     6791.125666         0.999191 
     6791.135666         0.997286 
     6791.145666         0.999116 
     6791.155666         1.000536 
     6791.165665         1.000013 
     6791.175665         0.998586 
     6791.185665         0.996839 
     6791.195665         0.996817 
     6791.205665         0.999607 
     6791.215664         1.002589 
     6791.225664         1.004961 
     6791.235664         1.004986 
     6791.245664         1.002921 
     6791.255664         1.000643 
     6791.265664         0.998970 
     6791.275663         0.999856 
     6791.285663         1.002633 
     6791.295663         1.004134 
     6791.305663         1.004893 
     6791.315663         1.004715 
     6791.325662         1.004425 
     6791.335662         1.004091 
     6791.345662         1.003507 
     6791.355662         1.003075 
     6791.365662         1.004236 
     6791.375661         1.009762 
     6791.385661         1.012830 
     6791.395661         1.006829 
     6791.405661         1.000783 
     6791.415661         1.004368 
     6791.425660         1.009295 
     6791.435660         1.007755 
     6791.445660         1.004086 
     6791.455660         1.001983 
     6791.465660         1.001672 
     6791.475659         1.003474 
     6791.485659         1.005604 
     6791.495659         1.007051 
     6791.505659         1.005176 
     6791.515659         1.000593 
     6791.525658         0.997223 
     6791.535658         0.997635 
     6791.545658         1.000557 
     6791.555658         1.005532 
     6791.565658         1.006129 
     6791.575657         1.002440 
     6791.585657         0.999952 
     6791.595657         0.999071 
     6791.605657         0.998036 
     6791.615657         0.997436 
     6791.625656         1.000028 
     6791.635656         1.002660 
     6791.645656         0.999585 
     6791.655656         0.995129 
     6791.665656         0.999138 
     6791.675655         1.005284 
     6791.685655         1.003158 
     6791.695655         0.998604 
     6791.705655         0.999702 
     6791.715655         1.002370 
     6791.725654         1.002272 
     6791.735654         1.001172 
     6791.745654         1.002201 
     6791.755654         1.003048 
     6791.765654         1.002264 
     6791.775653         1.001301 
     6791.785653         1.000450 
     6791.795653         0.999114 
     6791.805653         0.998037 
     6791.815653         0.997610 
     6791.825652         0.999373 
     6791.835652         1.000407 
     6791.845652         1.000776 
     6791.855652         1.000584 
     6791.865652         1.000373 
     6791.875651         0.999786 
     6791.885651         0.998899 
     6791.895651         0.996774 
     6791.905651         0.993648 
     6791.915651         0.993064 
     6791.925650         0.994296 
     6791.935650         0.996342 
     6791.945650         0.997933 
     6791.955650         0.999113 
     6791.965650         0.998800 
     6791.975649         0.996447 
     6791.985649         0.994494 
     6791.995649         0.997294 
     6792.005649         1.000308 
     6792.015649         0.997255 
     6792.025648         0.993777 
     6792.035648         0.995860 
     6792.045648         0.998352 
     6792.055648         0.997356 
     6792.065648         0.996192 
     6792.075647         0.998174 
     6792.085647         0.998022 
     6792.095647         0.993028 
     6792.105647         0.990767 
     6792.115647         0.994617 
     6792.125646         0.997745 
     6792.135646         0.996856 
     6792.145646         0.994887 
     6792.155646         0.993991 
     6792.165646         0.996404 
     6792.175646         1.001066 
     6792.185645         1.002024 
     6792.195645         0.998943 
     6792.205645         0.996859 
     6792.215645         0.997126 
     6792.225645         0.998832 
     6792.235644         1.000260 
     6792.245644         0.998301 
     6792.255644         0.993920 
     6792.265644         0.991608 
     6792.275644         0.990961 
     6792.285643         0.991516 
     6792.295643         0.991733 
     6792.305643         0.990540 
     6792.315643         0.989517 
     6792.325643         0.991008 
     6792.335642         0.993110 
     6792.345642         0.993672 
     6792.355642         0.993414 
     6792.365642         0.994069 
     6792.375642         0.994655 
     6792.385641         0.995890 
     6792.395641         0.997371 
     6792.405641         0.999856 
     6792.415641         1.000831 
     6792.425641         1.000139 
     6792.435640         0.999475 
     6792.445640         1.000294 
     6792.455640         1.000132 
     6792.465640         0.998547 
     6792.475640         0.999854 
     6792.485639         1.003130 
     6792.495639         1.002756 
     6792.505639         0.999570 
     6792.515639         0.998202 
     6792.525639         0.998678 
     6792.535638         0.998731 
     6792.545638         0.997685 
     6792.555638         0.996651 
     6792.565638         0.996160 
     6792.575638         0.998394 
     6792.585637         1.001389 
     6792.595637         1.003183 
     6792.605637         1.003558 
     6792.615637         1.003440 
     6792.625637         1.002967 
     6792.635636         1.001645 
     6792.645636         1.002265 
     6792.655636         1.006350 
     6792.665636         1.006623 
     6792.675636         1.000082 
     6792.685635         0.997311 
     6792.695635         1.002906 
     6792.705635         1.003582 
     6792.715635         0.994813 
     6792.725635         0.990087 
     6792.735634         0.993327 
     6792.745634         0.995903 
     6792.755634         0.995964 
     6792.765634         0.996830 
     6792.775634         0.999052 
     6792.785633         1.001695 
     6792.795633         1.003347 
     6792.805633         1.000643 
     6792.815633         0.995811 
     6792.825633         0.994942 
     6792.835632         0.997637 
     6792.845632         1.000550 
     6792.855632         1.002266 
     6792.865632         1.000594 
     6792.875632         0.998353 
     6792.885631         0.998664 
     6792.895631         0.999979 
     6792.905631         0.999214 
     6792.915631         0.998093 
     6792.925631         0.999028 
     6792.935630         0.999355 
     6792.945630         0.998823 
     6792.955630         0.997856 
     6792.965630         0.996522 
     6792.975630         0.998082 
     6792.985629         1.002337 
     6792.995629         1.004387 
     6793.005629         1.002028 
     6793.015629         0.999865 
     6793.025629         0.999491 
     6793.035628         1.001863 
     6793.045628         1.005409 
     6793.055628         1.004050 
     6793.065628         0.999013 
     6793.075628         0.996814 
     6793.085628         0.997302 
     6793.095627         0.997623 
     6793.105627         0.997127 
     6793.115627         0.995569 
     6793.125627         0.993445 
     6793.135627         0.990897 
     6793.145626         0.987021 
     6793.155626         0.981296 
     6793.165626         0.974970 
     6793.175626         0.969587 
     6793.185626         0.962904 
     6793.195625         0.953370 
     6793.205625         0.944210 
     6793.215625         0.937570 
     6793.225625         0.930418 
     6793.235625         0.920728 
     6793.245624         0.914614 
     6793.255624         0.914222 
     6793.265624         0.912821 
     6793.275624         0.910050 
     6793.285624         0.912978 
     6793.295623         0.923925 
     6793.305623         0.935855 
     6793.315623         0.947311 
     6793.325623         0.957538 
     6793.335623         0.965642 
     6793.345622         0.970239 
     6793.355622         0.973406 
     6793.365622         0.981686 
     6793.375622         0.991002 
     6793.385622         0.993130 
     6793.395621         0.991694 
     6793.405621         0.994448 
     6793.415621         0.997064 
     6793.425621         0.994526 
     6793.435621         0.991703 
     6793.445620         0.994534 
     6793.455620         0.996811 
     6793.465620         0.993418 
     6793.475620         0.989217 
     6793.485620         0.987560 
     6793.495619         0.984508 
     6793.505619         0.979213 
     6793.515619         0.974038 
     6793.525619         0.970937 
     6793.535619         0.967099 
     6793.545618         0.961750 
     6793.555618         0.951877 
     6793.565618         0.939562 
     6793.575618         0.929295 
     6793.585618         0.922051 
     6793.595617         0.913209 
     6793.605617         0.903968 
     6793.615617         0.899185 
     6793.625617         0.898557 
     6793.635617         0.901182 
     6793.645616         0.906319 
     6793.655616         0.912578 
     6793.665616         0.919977 
     6793.675616         0.928547 
     6793.685616         0.938450 
     6793.695615         0.950805 
     6793.705615         0.961947 
     6793.715615         0.968971 
     6793.725615         0.974214 
     6793.735615         0.979455 
     6793.745614         0.985240 
     6793.755614         0.990933 
     6793.765614         0.994146 
     6793.775614         0.994789 
     6793.785614         0.995144 
     6793.795613         0.996280 
     6793.805613         0.997075 
     6793.815613         0.997220 
     6793.825613         0.998901 
     6793.835613         1.001528 
     6793.845612         1.000731 
     6793.855612         0.997666 
     6793.865612         0.997600 
     6793.875612         0.999434 
     6793.885612         1.000480 
     6793.895611         0.999647 
     6793.905611         0.995466 
     6793.915611         0.991944 
     6793.925611         0.994672 
     6793.935611         0.999611 
     6793.945610         1.002059 
     6793.955610         1.001199 
     6793.965610         0.996827 
     6793.975610         0.993910 
     6793.985610         0.994913 
     6793.995610         0.995718 
     6794.005609         0.994942 
     6794.015609         0.995664 
     6794.025609         0.999061 
     6794.035609         0.999553 
     6794.045609         0.996664 
     6794.055608         0.993232 
     6794.065608         0.991537 
     6794.075608         0.993318 
     6794.085608         0.997241 
     6794.095608         0.996304 
     6794.105607         0.992256 
     6794.115607         0.991017 
     6794.125607         0.992166 
     6794.135607         0.991624 
     6794.145607         0.991022 
     6794.155606         0.994087 
     6794.165606         0.995891 
     6794.175606         0.990363 
     6794.185606         0.985226 
     6794.195606         0.989174 
     6794.205605         0.993390 
     6794.215605         0.991687 
     6794.225605         0.989642 
     6794.235605         0.989729 
     6794.245605         0.987346 
     6794.255604         0.980848 
     6794.265604         0.977584 
     6794.275604         0.979177 
     6794.285604         0.977374 
     6794.295604         0.970979 
     6794.305603         0.969764 
     6794.315603         0.973433 
     6794.325603         0.973938 
     6794.335603         0.972776 
     6794.345603         0.977391 
     6794.355602         0.984968 
     6794.365602         0.987194 
     6794.375602         0.987016 
     6794.385602         0.991738 
     6794.395602         0.997658 
     6794.405601         0.998182 
     6794.415601         0.996025 
     6794.425601         0.993981 
     6794.435601         0.993402 
     6794.445601         0.996001 
     6794.455600         0.997873 
     6794.465600         0.997852 
     6794.475600         0.995436 
     6794.485600         0.991722 
     6794.495600         0.990175 
     6794.505599         0.991769 
     6794.515599         0.992164 
     6794.525599         0.990546 
     6794.535599         0.989394 
     6794.545599         0.988874 
     6794.555598         0.986023 
     6794.565598         0.981479 
     6794.575598         0.976601 
     6794.585598         0.974194 
     6794.595598         0.977213 
     6794.605597         0.980928 
     6794.615597         0.977016 
     6794.625597         0.971328 
     6794.635597         0.972585 
     6794.645597         0.976962 
     6794.655596         0.978641 
     6794.665596         0.980854 
     6794.675596         0.985316 
     6794.685596         0.989690 
     6794.695596         0.992009 
     6794.705595         0.993284 
     6794.715595         0.994219 
     6794.725595         0.995912 
     6794.735595         0.998103 
     6794.745595         1.000131 
     6794.755594         1.001454 
     6794.765594         1.003397 
     6794.775594         1.005331 
     6794.785594         1.005484 
     6794.795594         1.003816 
     6794.805593         1.001899 
     6794.815593         1.000610 
     6794.825593         1.000225 
     6794.835593         1.000325 
     6794.845593         1.000050 
     6794.855592         0.998996 
     6794.865592         0.995936 
     6794.875592         0.995108 
     6794.885592         0.999572 
     6794.895592         1.003806 
     6794.905592         1.003201 
     6794.915591         1.002860 
     6794.925591         1.006061 
     6794.935591         1.007680 
     6794.945591         1.006134 
     6794.955591         1.001503 
     6794.965590         0.996168 
     6794.975590         0.996393 
     6794.985590         1.001985 
     6794.995590         1.005164 
     6795.005590         1.005292 
     6795.015589         1.003565 
     6795.025589         1.001786 
     6795.035589         1.000396 
     6795.045589         1.000065 
     6795.055589         1.001873 
     6795.065588         1.003399 
     6795.075588         1.001734 
     6795.085588         0.999380 
     6795.095588         0.999898 
     6795.105588         1.001243 
     6795.115587         1.001387 
     6795.125587         1.000817 
     6795.135587         1.000992 
     6795.145587         0.999877 
     6795.155587         0.997562 
     6795.165586         0.999296 
     6795.175586         1.005626 
     6795.185586         1.006649 
     6795.195586         1.001443 
     6795.205586         0.998505 
     6795.215585         1.000284 
     6795.225585         1.001896 
     6795.235585         1.002609 
     6795.245585         1.002797 
     6795.255585         1.001715 
     6795.265584         0.997640 
     6795.275584         0.994165 
     6795.285584         0.996773 
     6795.295584         0.999460 
     6795.305584         0.994467 
     6795.315583         0.988479 
     6795.325583         0.988299 
     6795.335583         0.988709 
     6795.345583         0.984976 
     6795.355583         0.981530 
     6795.365582         0.981013 
     6795.375582         0.980516 
     6795.385582         0.978085 
     6795.395582         0.977431 
     6795.405582         0.978606 
     6795.415581         0.977860 
     6795.425581         0.975859 
     6795.435581         0.976266 
     6795.445581         0.979239 
     6795.455581         0.980602 
     6795.465580         0.980770 
     6795.475580         0.982287 
     6795.485580         0.984550 
     6795.495580         0.987150 
     6795.505580         0.989359 
     6795.515579         0.991700 
     6795.525579         0.994727 
     6795.535579         1.000102 
     6795.545579         1.004031 
     6795.555579         1.002288 
     6795.565578         0.999820 
     6795.575578         0.998593 
     6795.585578         0.998331 
     6795.595578         0.998288 
     6795.605578         0.996010 
     6795.615577         0.991629 
     6795.625577         0.991020 
     6795.635577         0.994064 
     6795.645577         0.993979 
     6795.655577         0.991183 
     6795.665576         0.991417 
     6795.675576         0.993712 
     6795.685576         0.992470 
     6795.695576         0.989053 
     6795.705576         0.986257 
     6795.715575         0.984207 
     6795.725575         0.982029 
     6795.735575         0.978944 
     6795.745575         0.975145 
     6795.755575         0.970962 
     6795.765574         0.968097 
     6795.775574         0.966150 
     6795.785574         0.964272 
     6795.795574         0.963401 
     6795.805574         0.963026 
     6795.815574         0.962444 
     6795.825573         0.961946 
     6795.835573         0.963240 
     6795.845573         0.966038 
     6795.855573         0.968211 
     6795.865573         0.970186 
     6795.875572         0.974750 
     6795.885572         0.981018 
     6795.895572         0.985458 
     6795.905572         0.987730 
     6795.915572         0.988532 
     6795.925571         0.989001 
     6795.935571         0.990358 
     6795.945571         0.990950 
     6795.955571         0.989355 
     6795.965571         0.988109 
     6795.975570         0.988126 
     6795.985570         0.987471 
     6795.995570         0.984651 
     6796.005570         0.981164 
     6796.015570         0.977062 
     6796.025569         0.973054 
     6796.035569         0.968977 
     6796.045569         0.963341 
     6796.055569         0.956506 
     6796.065569         0.950915 
     6796.075568         0.946585 
     6796.085568         0.941607 
     6796.095568         0.935986 
     6796.105568         0.929671 
     6796.115568         0.925699 
     6796.125567         0.927492 
     6796.135567         0.931398 
     6796.145567         0.932247 
     6796.155567         0.934143 
     6796.165567         0.940804 
     6796.175566         0.949589 
     6796.185566         0.957580 
     6796.195566         0.965202 
     6796.205566         0.971994 
     6796.215566         0.978237 
     6796.225565         0.983544 
     6796.235565         0.985912 
     6796.245565         0.985787 
     6796.255565         0.990691 
