     6177.207810         0.927926 
     6177.217810         0.917053 
     6177.227810         0.905643 
     6177.237809         0.893619 
     6177.247809         0.886326 
     6177.257809         0.890970 
     6177.267809         0.900219 
     6177.277809         0.908703 
     6177.287808         0.920685 
     6177.297808         0.936123 
     6177.307808         0.949683 
     6177.317808         0.961210 
     6177.327808         0.971760 
     6177.337807         0.980095 
     6177.347807         0.985003 
     6177.357807         0.987954 
     6177.367807         0.990661 
     6177.377807         0.997200 
     6177.387806         1.001419 
     6177.397806         0.996602 
     6177.407806         0.995132 
     6177.417806         1.001942 
     6177.427806         1.002336 
     6177.437805         0.996925 
     6177.447805         0.995552 
     6177.457805         0.995594 
     6177.467805         0.993165 
     6177.477805         0.994224 
     6177.487805         1.000289 
     6177.497804         0.999433 
     6177.507804         0.992930 
     6177.517804         0.989666 
     6177.527804         0.987704 
     6177.537804         0.985644 
     6177.547803         0.985809 
     6177.557803         0.988681 
     6177.567803         0.990532 
     6177.577803         0.992133 
     6177.587803         0.994539 
     6177.597802         0.996259 
     6177.607802         0.995755 
     6177.617802         0.995954 
     6177.627802         0.998195 
     6177.637802         1.002847 
     6177.647801         1.007223 
     6177.657801         1.006653 
     6177.667801         1.004027 
     6177.677801         1.003082 
     6177.687801         1.005161 
     6177.697800         1.009397 
     6177.707800         1.010058 
     6177.717800         1.007915 
     6177.727800         1.003950 
     6177.737800         1.000056 
     6177.747799         0.997591 
     6177.757799         0.998545 
     6177.767799         1.001529 
     6177.777799         1.001008 
     6177.787799         0.999240 
     6177.797798         0.999968 
     6177.807798         1.000938 
     6177.817798         1.001356 
     6177.827798         1.002898 
     6177.837798         1.004902 
     6177.847797         1.004147 
     6177.857797         1.002111 
     6177.867797         1.001239 
     6177.877797         0.999752 
     6177.887797         0.997918 
     6177.897796         0.997708 
     6177.907796         0.999215 
     6177.917796         0.999770 
     6177.927796         0.999280 
     6177.937796         0.998047 
     6177.947795         1.000253 
     6177.957795         1.004919 
     6177.967795         1.002414 
     6177.977795         0.997441 
     6177.987795         0.998976 
     6177.997794         1.000398 
     6178.007794         0.996630 
     6178.017794         0.997876 
     6178.027794         1.003869 
     6178.037794         1.003955 
     6178.047793         1.001085 
     6178.057793         1.001306 
     6178.067793         1.000666 
     6178.077793         0.997583 
     6178.087793         0.998206 
     6178.097792         1.001987 
     6178.107792         1.003895 
     6178.117792         1.003403 
     6178.127792         1.001467 
     6178.137792         1.000162 
     6178.147791         1.000899 
     6178.157791         1.000640 
     6178.167791         0.997929 
     6178.177791         0.991245 
     6178.187791         0.989328 
     6178.197790         0.998580 
     6178.207790         1.000942 
     6178.217790         0.993506 
     6178.227790         0.991232 
     6178.237790         0.993741 
     6178.247789         0.994439 
     6178.257789         0.992772 
     6178.267789         0.991015 
     6178.277789         0.991626 
     6178.287789         0.994353 
     6178.297788         0.993508 
     6178.307788         0.992298 
     6178.317788         0.995895 
     6178.327788         0.998570 
     6178.337788         0.997299 
     6178.347787         0.996468 
     6178.357787         0.996468 
     6178.367787         0.995559 
     6178.377787         0.994726 
     6178.387787         0.994552 
     6178.397787         0.994334 
     6178.407786         0.992695 
     6178.417786         0.989974 
     6178.427786         0.988106 
     6178.437786         0.991077 
     6178.447786         0.995044 
     6178.457785         0.995127 
     6178.467785         0.990405 
     6178.477785         0.983613 
     6178.487785         0.984726 
     6178.497785         0.989946 
     6178.507784         0.990399 
     6178.517784         0.989518 
     6178.527784         0.991464 
     6178.537784         0.995134 
     6178.547784         0.998302 
     6178.557783         0.997108 
     6178.567783         0.995177 
     6178.577783         0.998008 
     6178.587783         0.999693 
     6178.597783         0.997403 
     6178.607782         0.995409 
     6178.617782         0.995085 
     6178.627782         0.995655 
     6178.637782         0.997501 
     6178.647782         1.001162 
     6178.657781         1.000707 
     6178.667781         0.995733 
     6178.677781         0.996436 
     6178.687781         1.000443 
     6178.697781         1.001041 
     6178.707780         0.998920 
     6178.717780         0.995477 
     6178.727780         0.996056 
     6178.737780         1.000817 
     6178.747780         1.005297 
     6178.757779         1.007729 
     6178.767779         1.006442 
     6178.777779         1.003401 
     6178.787779         0.999908 
     6178.797779         0.999438 
     6178.807778         1.001068 
     6178.817778         1.001142 
     6178.827778         0.999489 
     6178.837778         0.996337 
     6178.847778         0.996026 
     6178.857777         0.999494 
     6178.867777         1.001427 
     6178.877777         1.000810 
     6178.887777         0.998259 
     6178.897777         0.996360 
     6178.907776         0.997935 
     6178.917776         0.999661 
     6178.927776         0.999927 
     6178.937776         0.998359 
     6178.947776         0.997191 
     6178.957775         0.999468 
     6178.967775         1.001293 
     6178.977775         1.000764 
     6178.987775         0.998916 
     6178.997775         0.997567 
     6179.007774         1.000598 
     6179.017774         1.002327 
     6179.027774         0.996176 
     6179.037774         0.992878 
     6179.047774         0.996905 
     6179.057773         0.997498 
     6179.067773         0.995596 
     6179.077773         0.996737 
     6179.087773         0.997857 
     6179.097773         0.995081 
     6179.107772         0.992620 
     6179.117772         0.992636 
     6179.127772         0.993342 
     6179.137772         0.993468 
     6179.147772         0.992614 
     6179.157771         0.992740 
     6179.167771         0.996109 
     6179.177771         0.999458 
     6179.187771         1.000938 
     6179.197771         0.996791 
     6179.207770         0.993011 
     6179.217770         0.995019 
     6179.227770         0.998977 
     6179.237770         1.001378 
     6179.247770         1.001625 
     6179.257769         1.000526 
     6179.267769         0.998507 
     6179.277769         0.996478 
     6179.287769         0.994009 
     6179.297769         0.993784 
     6179.307769         0.994535 
     6179.317768         0.992640 
     6179.327768         0.988290 
     6179.337768         0.983781 
     6179.347768         0.981616 
     6179.357768         0.981773 
     6179.367767         0.979080 
     6179.377767         0.975063 
     6179.387767         0.976579 
     6179.397767         0.979415 
     6179.407767         0.977972 
     6179.417766         0.975126 
     6179.427766         0.974536 
     6179.437766         0.986063 
     6179.447766         0.998685 
     6179.457766         0.991449 
     6179.467765         0.986425 
     6179.477765         1.000233 
     6179.487765         1.008176 
     6179.497765         1.006111 
     6179.507765         1.007099 
     6179.517764         1.008057 
     6179.527764         1.002563 
     6179.537764         0.999629 
     6179.547764         1.003101 
     6179.557764         1.002700 
     6179.567763         0.998135 
     6179.577763         0.994066 
     6179.587763         0.994761 
     6179.597763         1.001570 
     6179.607763         1.006530 
     6179.617762         1.006548 
     6179.627762         1.003981 
     6179.637762         1.001887 
     6179.647762         1.003763 
     6179.657762         1.004434 
     6179.667761         1.002046 
     6179.677761         1.003062 
     6179.687761         1.006151 
     6179.697761         1.002250 
     6179.707761         0.997152 
     6179.717760         0.997430 
     6179.727760         0.998523 
     6179.737760         0.997340 
     6179.747760         0.994991 
     6179.757760         0.994040 
     6179.767759         0.996167 
     6179.777759         0.995897 
     6179.787759         0.989103 
     6179.797759         0.988439 
     6179.807759         0.994588 
     6179.817758         0.993998 
     6179.827758         0.991113 
     6179.837758         0.994713 
     6179.847758         0.996643 
     6179.857758         0.993198 
     6179.867757         0.991240 
     6179.877757         0.992184 
     6179.887757         0.995055 
     6179.897757         0.994655 
     6179.907757         0.987534 
     6179.917756         0.981265 
     6179.927756         0.979462 
     6179.937756         0.977804 
     6179.947756         0.976998 
     6179.957756         0.977443 
     6179.967755         0.974213 
     6179.977755         0.965880 
     6179.987755         0.963708 
     6179.997755         0.967947 
     6180.007755         0.969476 
     6180.017754         0.968379 
     6180.027754         0.966925 
     6180.037754         0.967185 
     6180.047754         0.969723 
     6180.057754         0.971973 
     6180.067753         0.971272 
     6180.077753         0.964437 
     6180.087753         0.954741 
     6180.097753         0.943619 
     6180.107753         0.928558 
     6180.117752         0.906855 
     6180.127752         0.876049 
     6180.137752         0.838749 
     6180.147752         0.798894 
     6180.157752         0.753684 
     6180.167751         0.705015 
     6180.177751         0.663900 
     6180.187751         0.631970 
     6180.197751         0.608514 
     6180.207751         0.597608 
     6180.217751         0.601885 
     6180.227750         0.618796 
     6180.237750         0.646955 
     6180.247750         0.684751 
     6180.257750         0.728360 
     6180.267750         0.771528 
     6180.277749         0.811612 
     6180.287749         0.846560 
     6180.297749         0.874508 
     6180.307749         0.898240 
     6180.317749         0.923944 
     6180.327748         0.940733 
     6180.337748         0.942665 
     6180.347748         0.950997 
     6180.357748         0.967914 
     6180.367748         0.972221 
     6180.377747         0.968567 
     6180.387747         0.968040 
     6180.397747         0.970807 
     6180.407747         0.976335 
     6180.417747         0.979110 
     6180.427746         0.979601 
     6180.437746         0.979703 
     6180.447746         0.979868 
     6180.457746         0.980392 
     6180.467746         0.984491 
     6180.477745         0.991173 
     6180.487745         0.991364 
     6180.497745         0.988847 
     6180.507745         0.990876 
     6180.517745         0.992153 
     6180.527744         0.989983 
     6180.537744         0.989121 
     6180.547744         0.990347 
     6180.557744         0.992690 
     6180.567744         0.996250 
     6180.577743         1.000054 
     6180.587743         1.000839 
     6180.597743         0.998222 
     6180.607743         0.995144 
     6180.617743         0.994992 
     6180.627742         0.999530 
     6180.637742         1.002223 
     6180.647742         0.999058 
     6180.657742         0.993464 
     6180.667742         0.990582 
     6180.677741         0.998029 
     6180.687741         1.004587 
     6180.697741         0.999149 
     6180.707741         0.995467 
     6180.717741         0.997148 
     6180.727740         0.999987 
     6180.737740         1.002492 
     6180.747740         1.004862 
     6180.757740         1.005022 
     6180.767740         1.001922 
     6180.777739         1.000280 
     6180.787739         1.000533 
     6180.797739         1.001457 
     6180.807739         1.000709 
     6180.817739         0.997191 
     6180.827738         0.996306 
     6180.837738         0.997901 
     6180.847738         0.995408 
     6180.857738         0.994081 
     6180.867738         1.002489 
     6180.877737         1.006934 
     6180.887737         1.001419 
     6180.897737         0.996797 
     6180.907737         0.996424 
     6180.917737         1.000941 
     6180.927736         1.004161 
     6180.937736         1.000809 
     6180.947736         0.999718 
     6180.957736         1.002089 
     6180.967736         1.003790 
     6180.977735         1.003302 
     6180.987735         0.999995 
     6180.997735         0.997554 
     6181.007735         0.998648 
     6181.017735         1.000751 
     6181.027734         1.002265 
     6181.037734         1.000923 
     6181.047734         0.998918 
     6181.057734         0.998552 
     6181.067734         1.000224 
     6181.077733         1.003182 
     6181.087733         1.003570 
     6181.097733         1.002361 
     6181.107733         1.000956 
     6181.117733         1.001573 
     6181.127733         1.004586 
     6181.137732         1.002502 
     6181.147732         0.998576 
     6181.157732         1.000583 
     6181.167732         1.004803 
     6181.177732         1.006343 
     6181.187731         1.005522 
     6181.197731         1.004850 
     6181.207731         1.009987 
     6181.217731         1.014052 
     6181.227731         1.008360 
     6181.237730         1.003420 
     6181.247730         1.003393 
     6181.257730         1.002066 
     6181.267730         0.999197 
     6181.277730         0.996395 
     6181.287729         0.995472 
     6181.297729         0.997362 
     6181.307729         0.999619 
     6181.317729         1.000449 
     6181.327729         0.997398 
     6181.337728         0.996444 
     6181.347728         1.001933 
     6181.357728         1.001539 
     6181.367728         0.993926 
     6181.377728         0.996779 
     6181.387727         1.003097 
     6181.397727         0.997801 
     6181.407727         0.995579 
     6181.417727         1.004045 
     6181.427727         1.002659 
     6181.437726         0.993368 
     6181.447726         0.994951 
     6181.457726         0.999857 
     6181.467726         0.999310 
     6181.477726         0.997086 
     6181.487725         0.996128 
     6181.497725         0.997086 
     6181.507725         0.998605 
     6181.517725         0.998633 
     6181.527725         0.997405 
     6181.537724         0.995784 
     6181.547724         0.995965 
     6181.557724         0.997684 
     6181.567724         0.998801 
     6181.577724         0.997700 
     6181.587723         0.993058 
     6181.597723         0.989553 
     6181.607723         0.989474 
     6181.617723         0.992595 
     6181.627723         0.996387 
     6181.637722         0.997982 
     6181.647722         0.997756 
     6181.657722         0.997578 
     6181.667722         1.001121 
     6181.677722         1.005215 
     6181.687721         1.001993 
     6181.697721         0.999034 
     6181.707721         1.000412 
     6181.717721         0.999984 
     6181.727721         0.998720 
     6181.737720         1.004008 
     6181.747720         1.007679 
     6181.757720         1.001863 
     6181.767720         0.998940 
     6181.777720         1.002277 
     6181.787719         1.002392 
     6181.797719         1.000804 
     6181.807719         1.001379 
     6181.817719         1.001151 
     6181.827719         0.998895 
     6181.837718         0.994803 
     6181.847718         0.991275 
     6181.857718         0.993221 
     6181.867718         0.996003 
     6181.877718         0.995204 
     6181.887717         0.995254 
     6181.897717         0.997247 
     6181.907717         0.999476 
     6181.917717         0.999536 
     6181.927717         0.995608 
     6181.937716         0.994974 
     6181.947716         0.998930 
     6181.957716         0.996554 
     6181.967716         0.991838 
     6181.977716         0.995700 
     6181.987715         0.999513 
     6181.997715         0.997948 
     6182.007715         0.997616 
     6182.017715         0.998992 
     6182.027715         0.997968 
     6182.037715         0.996953 
     6182.047714         0.997440 
     6182.057714         0.995698 
     6182.067714         0.992839 
     6182.077714         0.993446 
     6182.087714         0.996414 
     6182.097713         0.998633 
     6182.107713         0.999898 
     6182.117713         0.999532 
     6182.127713         1.001148 
     6182.137713         1.002607 
     6182.147712         0.998419 
     6182.157712         0.994677 
     6182.167712         0.995850 
     6182.177712         0.997795 
     6182.187712         0.999538 
     6182.197711         1.003203 
     6182.207711         1.005161 
     6182.217711         1.002214 
     6182.227711         0.998847 
     6182.237711         0.996937 
     6182.247710         0.995280 
     6182.257710         0.994477 
     6182.267710         0.995100 
     6182.277710         0.996353 
     6182.287710         0.997462 
     6182.297709         0.997858 
     6182.307709         0.997656 
     6182.317709         0.998461 
     6182.327709         0.998376 
     6182.337709         0.996778 
     6182.347708         0.997257 
     6182.357708         1.000010 
     6182.367708         1.002442 
     6182.377708         1.002290 
     6182.387708         0.997693 
     6182.397707         0.997633 
     6182.407707         1.003882 
     6182.417707         1.006393 
     6182.427707         1.006745 
     6182.437707         1.008231 
     6182.447706         1.008643 
     6182.457706         1.006434 
     6182.467706         1.003372 
     6182.477706         1.002087 
     6182.487706         1.005239 
     6182.497705         1.006748 
     6182.507705         1.002097 
     6182.517705         0.998798 
     6182.527705         0.998411 
     6182.537705         0.996422 
     6182.547704         0.996123 
     6182.557704         1.001540 
     6182.567704         1.000083 
     6182.577704         0.990971 
     6182.587704         0.991232 
     6182.597703         0.994472 
     6182.607703         0.986583 
     6182.617703         0.982575 
     6182.627703         0.990443 
     6182.637703         0.994224 
     6182.647702         0.992884 
     6182.657702         0.991586 
     6182.667702         0.990758 
     6182.677702         0.990596 
     6182.687702         0.994218 
     6182.697701         0.999845 
     6182.707701         0.999109 
     6182.717701         0.997034 
     6182.727701         0.998612 
     6182.737701         1.001328 
     6182.747700         1.001871 
     6182.757700         0.996325 
     6182.767700         0.992183 
     6182.777700         1.000210 
     6182.787700         1.004862 
     6182.797699         1.000708 
     6182.807699         1.003566 
     6182.817699         1.009364 
     6182.827699         1.003312 
     6182.837699         0.995584 
     6182.847698         0.994740 
     6182.857698         0.995772 
     6182.867698         0.997680 
     6182.877698         1.003076 
     6182.887698         1.005887 
     6182.897697         1.001259 
     6182.907697         0.998441 
     6182.917697         0.999900 
     6182.927697         0.999705 
     6182.937697         0.997986 
     6182.947697         0.995726 
     6182.957696         0.994157 
     6182.967696         0.994013 
     6182.977696         0.996352 
     6182.987696         0.999369 
     6182.997696         0.999880 
     6183.007695         0.999184 
     6183.017695         0.998010 
     6183.027695         0.993959 
     6183.037695         0.989696 
     6183.047695         0.992655 
     6183.057694         0.995718 
     6183.067694         0.992539 
     6183.077694         0.991606 
     6183.087694         0.993311 
     6183.097694         0.989566 
     6183.107693         0.986453 
     6183.117693         0.990632 
     6183.127693         0.993865 
     6183.137693         0.993857 
     6183.147693         0.993747 
     6183.157692         0.993800 
     6183.167692         0.992642 
     6183.177692         0.994348 
     6183.187692         0.999060 
     6183.197692         0.999556 
     6183.207691         0.997417 
