     6051.070305         1.000860 
     6051.080305         1.000360 
     6051.090305         1.003374 
     6051.100305         1.005269 
     6051.110304         1.002369 
     6051.120304         1.000729 
     6051.130304         1.001253 
     6051.140304         1.002268 
     6051.150304         1.002243 
     6051.160303         1.000820 
     6051.170303         1.000597 
     6051.180303         1.002964 
     6051.190303         1.005589 
     6051.200303         1.006582 
     6051.210302         1.002654 
     6051.220302         0.999647 
     6051.230302         1.002866 
     6051.240302         1.003990 
     6051.250302         0.999486 
     6051.260301         0.996698 
     6051.270301         0.997371 
     6051.280301         1.001673 
     6051.290301         1.005691 
     6051.300301         1.005372 
     6051.310300         1.003022 
     6051.320300         1.001062 
     6051.330300         1.001338 
     6051.340300         1.002719 
     6051.350300         1.001988 
     6051.360299         0.999904 
     6051.370299         0.997402 
     6051.380299         0.998549 
     6051.390299         1.002261 
     6051.400299         1.000637 
     6051.410298         0.996541 
     6051.420298         0.995970 
     6051.430298         0.998256 
     6051.440298         1.002565 
     6051.450298         1.002230 
     6051.460297         0.998956 
     6051.470297         0.999219 
     6051.480297         1.000750 
     6051.490297         0.999478 
     6051.500297         0.995634 
     6051.510296         0.991501 
     6051.520296         0.994783 
     6051.530296         1.001302 
     6051.540296         0.999364 
     6051.550296         0.996781 
     6051.560295         1.002426 
     6051.570295         1.006167 
     6051.580295         1.004028 
     6051.590295         1.000120 
     6051.600295         0.996375 
     6051.610294         0.995131 
     6051.620294         0.997533 
     6051.630294         1.003174 
     6051.640294         1.004285 
     6051.650294         1.000133 
     6051.660293         0.997691 
     6051.670293         0.996804 
     6051.680293         0.996082 
     6051.690293         0.996973 
     6051.700293         0.999749 
     6051.710292         0.999508 
     6051.720292         0.995969 
     6051.730292         0.992552 
     6051.740292         0.992470 
     6051.750292         0.997254 
     6051.760291         0.999580 
     6051.770291         0.996419 
     6051.780291         0.992998 
     6051.790291         0.991984 
     6051.800291         0.993593 
     6051.810291         0.995561 
     6051.820290         0.994875 
     6051.830290         0.993708 
     6051.840290         0.992988 
     6051.850290         0.993724 
     6051.860290         0.994380 
     6051.870289         0.992366 
     6051.880289         0.992195 
     6051.890289         0.995570 
     6051.900289         0.997518 
     6051.910289         0.997689 
     6051.920288         0.999675 
     6051.930288         1.001470 
     6051.940288         0.999745 
     6051.950288         0.998029 
     6051.960288         0.998213 
     6051.970287         0.998833 
     6051.980287         0.999781 
     6051.990287         1.000721 
     6052.000287         1.001062 
     6052.010287         0.999433 
     6052.020286         1.001159 
     6052.030286         1.005599 
     6052.040286         1.004343 
     6052.050286         1.000063 
     6052.060286         0.998877 
     6052.070285         0.997775 
     6052.080285         0.994751 
     6052.090285         0.997012 
     6052.100285         1.003315 
     6052.110285         1.002717 
     6052.120284         1.000133 
     6052.130284         1.002993 
     6052.140284         1.005088 
     6052.150284         1.002711 
     6052.160284         0.995871 
     6052.170283         0.989567 
     6052.180283         0.993705 
     6052.190283         0.999957 
     6052.200283         0.999301 
     6052.210283         0.998975 
     6052.220282         1.001579 
     6052.230282         1.002816 
     6052.240282         1.002535 
     6052.250282         1.000452 
     6052.260282         0.998807 
     6052.270281         0.998148 
     6052.280281         0.998580 
     6052.290281         0.999764 
     6052.300281         0.999684 
     6052.310281         0.998251 
     6052.320280         0.995501 
     6052.330280         0.994658 
     6052.340280         0.997015 
     6052.350280         0.998098 
     6052.360280         0.998124 
     6052.370279         0.999533 
     6052.380279         0.999774 
     6052.390279         0.997074 
     6052.400279         0.996415 
     6052.410279         0.998966 
     6052.420278         0.996608 
     6052.430278         0.992813 
     6052.440278         0.994738 
     6052.450278         0.996083 
     6052.460278         0.992285 
     6052.470277         0.991790 
     6052.480277         0.995753 
     6052.490277         0.997529 
     6052.500277         0.996511 
     6052.510277         0.993820 
     6052.520276         0.988177 
     6052.530276         0.981480 
     6052.540276         0.981483 
     6052.550276         0.983412 
     6052.560276         0.971259 
     6052.570275         0.961355 
     6052.580275         0.969661 
     6052.590275         0.972412 
     6052.600275         0.962596 
     6052.610275         0.959803 
     6052.620274         0.960990 
     6052.630274         0.956386 
     6052.640274         0.952377 
     6052.650274         0.953735 
     6052.660274         0.952269 
     6052.670273         0.947800 
     6052.680273         0.946337 
     6052.690273         0.946471 
     6052.700273         0.945796 
     6052.710273         0.948774 
     6052.720273         0.956862 
     6052.730272         0.960165 
     6052.740272         0.959744 
     6052.750272         0.964676 
     6052.760272         0.971922 
     6052.770272         0.977758 
     6052.780271         0.980859 
     6052.790271         0.981966 
     6052.800271         0.983242 
     6052.810271         0.985214 
     6052.820271         0.988209 
     6052.830270         0.989493 
     6052.840270         0.988981 
     6052.850270         0.989836 
     6052.860270         0.992286 
     6052.870270         0.992561 
     6052.880269         0.991254 
     6052.890269         0.989431 
     6052.900269         0.989472 
     6052.910269         0.991369 
     6052.920269         0.991151 
     6052.930268         0.990742 
     6052.940268         0.994588 
     6052.950268         0.997092 
     6052.960268         0.994037 
     6052.970268         0.992536 
     6052.980267         0.993171 
     6052.990267         0.988202 
     6053.000267         0.983073 
     6053.010267         0.984147 
     6053.020267         0.985135 
     6053.030266         0.982347 
     6053.040266         0.981988 
     6053.050266         0.985568 
     6053.060266         0.992932 
     6053.070266         0.996962 
     6053.080265         0.992457 
     6053.090265         0.990786 
     6053.100265         0.994046 
     6053.110265         0.993671 
     6053.120265         0.990668 
     6053.130264         0.990053 
     6053.140264         0.990229 
     6053.150264         0.991266 
     6053.160264         0.994230 
     6053.170264         0.997260 
     6053.180263         0.994968 
     6053.190263         0.991539 
     6053.200263         0.992135 
     6053.210263         0.994006 
     6053.220263         0.995028 
     6053.230262         0.993641 
     6053.240262         0.992012 
     6053.250262         0.992603 
     6053.260262         0.994400 
     6053.270262         0.995761 
     6053.280261         0.995690 
     6053.290261         0.995150 
     6053.300261         0.997523 
     6053.310261         1.000783 
     6053.320261         1.002294 
     6053.330260         0.999649 
     6053.340260         0.995168 
     6053.350260         0.999251 
     6053.360260         1.005235 
     6053.370260         0.996638 
     6053.380259         0.988840 
     6053.390259         0.993656 
     6053.400259         0.993277 
     6053.410259         0.984591 
     6053.420259         0.980050 
     6053.430258         0.977907 
     6053.440258         0.973118 
     6053.450258         0.969871 
     6053.460258         0.970201 
     6053.470258         0.965922 
     6053.480257         0.960815 
     6053.490257         0.965777 
     6053.500257         0.972933 
     6053.510257         0.974287 
     6053.520257         0.976047 
     6053.530256         0.979817 
     6053.540256         0.980262 
     6053.550256         0.978484 
     6053.560256         0.976873 
     6053.570256         0.975402 
     6053.580255         0.973956 
     6053.590255         0.968102 
     6053.600255         0.957961 
     6053.610255         0.947038 
     6053.620255         0.935419 
     6053.630255         0.922966 
     6053.640254         0.907460 
     6053.650254         0.889414 
     6053.660254         0.871651 
     6053.670254         0.858894 
     6053.680254         0.856352 
     6053.690253         0.859108 
     6053.700253         0.863302 
     6053.710253         0.869528 
     6053.720253         0.879089 
     6053.730253         0.895386 
     6053.740252         0.914155 
     6053.750252         0.931357 
     6053.760252         0.946270 
     6053.770252         0.959461 
     6053.780252         0.969131 
     6053.790251         0.975751 
     6053.800251         0.979706 
     6053.810251         0.983070 
     6053.820251         0.986860 
     6053.830251         0.989957 
     6053.840250         0.992688 
     6053.850250         0.995520 
     6053.860250         0.997156 
     6053.870250         0.995389 
     6053.880250         0.995125 
     6053.890249         0.997637 
     6053.900249         0.997023 
     6053.910249         0.996195 
     6053.920249         1.000556 
     6053.930249         1.001933 
     6053.940248         0.996204 
     6053.950248         0.991801 
     6053.960248         0.991365 
     6053.970248         0.992637 
     6053.980248         0.991670 
     6053.990247         0.984052 
     6054.000247         0.977565 
     6054.010247         0.972863 
     6054.020247         0.960961 
     6054.030247         0.945379 
     6054.040246         0.936919 
     6054.050246         0.932373 
     6054.060246         0.928190 
     6054.070246         0.925672 
     6054.080246         0.925462 
     6054.090245         0.928567 
     6054.100245         0.933857 
     6054.110245         0.941223 
     6054.120245         0.951068 
     6054.130245         0.962845 
     6054.140244         0.967610 
     6054.150244         0.969863 
     6054.160244         0.977736 
     6054.170244         0.985226 
     6054.180244         0.988157 
     6054.190243         0.991929 
     6054.200243         0.995925 
     6054.210243         0.992899 
     6054.220243         0.992020 
     6054.230243         1.001904 
     6054.240242         1.006383 
     6054.250242         1.001081 
     6054.260242         0.995709 
     6054.270242         0.995214 
     6054.280242         1.001655 
     6054.290241         1.004500 
     6054.300241         0.998421 
     6054.310241         0.996435 
     6054.320241         1.000102 
     6054.330241         1.002105 
     6054.340240         1.001775 
     6054.350240         0.998446 
     6054.360240         0.994212 
     6054.370240         0.991520 
     6054.380240         0.996318 
     6054.390239         1.002244 
     6054.400239         0.999161 
     6054.410239         0.995589 
     6054.420239         0.997712 
     6054.430239         0.999386 
     6054.440238         0.999168 
     6054.450238         0.998707 
     6054.460238         0.999354 
     6054.470238         1.001135 
     6054.480238         0.999201 
     6054.490237         0.995279 
     6054.500237         1.001131 
     6054.510237         1.008136 
     6054.520237         1.001747 
     6054.530237         0.997835 
     6054.540237         1.003435 
     6054.550236         1.005603 
     6054.560236         1.002975 
     6054.570236         1.000337 
     6054.580236         0.999530 
     6054.590236         1.002087 
     6054.600235         1.003798 
     6054.610235         1.003724 
     6054.620235         1.002004 
     6054.630235         1.000549 
     6054.640235         1.002002 
     6054.650234         1.002584 
     6054.660234         1.001961 
     6054.670234         1.002986 
     6054.680234         1.004305 
     6054.690234         1.001818 
     6054.700233         1.001331 
     6054.710233         1.005713 
     6054.720233         1.006148 
     6054.730233         1.002409 
     6054.740233         1.002344 
     6054.750232         1.004778 
     6054.760232         1.007304 
     6054.770232         1.005786 
     6054.780232         1.001325 
     6054.790232         1.004783 
     6054.800231         1.009853 
     6054.810231         1.005344 
     6054.820231         1.000353 
     6054.830231         1.002094 
     6054.840231         1.002256 
     6054.850230         1.000594 
     6054.860230         1.002697 
     6054.870230         1.004943 
     6054.880230         1.003355 
     6054.890230         1.001281 
     6054.900229         0.999448 
     6054.910229         0.998365 
     6054.920229         0.998860 
     6054.930229         1.003179 
     6054.940229         1.005186 
     6054.950228         1.001837 
     6054.960228         0.996215 
     6054.970228         0.992462 
     6054.980228         0.997497 
     6054.990228         0.999689 
     6055.000227         0.991722 
     6055.010227         0.990091 
     6055.020227         0.995290 
     6055.030227         0.990017 
     6055.040227         0.981709 
     6055.050226         0.980803 
     6055.060226         0.981771 
     6055.070226         0.980937 
     6055.080226         0.977593 
     6055.090226         0.974299 
     6055.100225         0.975845 
     6055.110225         0.980109 
     6055.120225         0.985525 
     6055.130225         0.986628 
     6055.140225         0.984970 
     6055.150224         0.986216 
     6055.160224         0.989174 
     6055.170224         0.992251 
     6055.180224         0.994992 
     6055.190224         0.998023 
     6055.200223         0.998589 
     6055.210223         0.998820 
     6055.220223         1.000684 
     6055.230223         0.999151 
     6055.240223         0.993520 
     6055.250222         0.996564 
     6055.260222         1.004362 
     6055.270222         1.002344 
     6055.280222         0.998727 
     6055.290222         1.001385 
     6055.300221         1.001075 
     6055.310221         0.996759 
     6055.320221         0.994784 
     6055.330221         0.993274 
     6055.340221         0.988764 
     6055.350220         0.986179 
     6055.360220         0.987339 
     6055.370220         0.985648 
     6055.380220         0.982214 
     6055.390220         0.981641 
     6055.400219         0.981629 
     6055.410219         0.981217 
     6055.420219         0.983269 
     6055.430219         0.986758 
     6055.440219         0.988269 
     6055.450219         0.988438 
     6055.460218         0.989165 
     6055.470218         0.993516 
     6055.480218         0.999865 
     6055.490218         0.997654 
     6055.500218         0.993963 
     6055.510217         0.998261 
     6055.520217         1.001945 
     6055.530217         1.000556 
     6055.540217         0.999898 
     6055.550217         1.000902 
     6055.560216         1.001152 
     6055.570216         1.001487 
     6055.580216         1.002111 
     6055.590216         1.000245 
     6055.600216         0.997722 
     6055.610215         1.000482 
     6055.620215         1.003283 
     6055.630215         1.000715 
     6055.640215         1.000039 
     6055.650215         1.002994 
     6055.660214         1.002476 
     6055.670214         1.001070 
     6055.680214         1.002307 
     6055.690214         1.001873 
     6055.700214         0.999106 
     6055.710213         1.000622 
     6055.720213         1.002711 
     6055.730213         0.996615 
     6055.740213         0.990974 
     6055.750213         0.992610 
     6055.760212         0.998108 
     6055.770212         1.002923 
     6055.780212         0.998592 
     6055.790212         0.991185 
     6055.800212         0.987862 
     6055.810211         0.986225 
     6055.820211         0.984748 
     6055.830211         0.980762 
     6055.840211         0.974789 
     6055.850211         0.968575 
     6055.860210         0.959867 
     6055.870210         0.948551 
     6055.880210         0.934680 
     6055.890210         0.918193 
     6055.900210         0.898123 
     6055.910209         0.872844 
     6055.920209         0.840307 
     6055.930209         0.801289 
     6055.940209         0.757774 
     6055.950209         0.714769 
     6055.960208         0.670539 
     6055.970208         0.623828 
     6055.980208         0.584363 
     6055.990208         0.555723 
     6056.000208         0.535442 
     6056.010207         0.526195 
     6056.020207         0.532099 
     6056.030207         0.554244 
     6056.040207         0.590078 
     6056.050207         0.627283 
     6056.060206         0.667335 
     6056.070206         0.717732 
     6056.080206         0.768157 
     6056.090206         0.810433 
     6056.100206         0.848106 
     6056.110205         0.881665 
     6056.120205         0.909988 
     6056.130205         0.930238 
     6056.140205         0.941128 
     6056.150205         0.951499 
     6056.160204         0.962813 
     6056.170204         0.971224 
     6056.180204         0.977918 
     6056.190204         0.985521 
     6056.200204         0.989164 
     6056.210203         0.987031 
     6056.220203         0.987464 
     6056.230203         0.989888 
     6056.240203         0.990414 
     6056.250203         0.990208 
     6056.260202         0.990251 
     6056.270202         0.988757 
     6056.280202         0.984939 
     6056.290202         0.979029 
     6056.300202         0.975481 
     6056.310201         0.977688 
     6056.320201         0.978363 
     6056.330201         0.974741 
     6056.340201         0.966897 
     6056.350201         0.964502 
     6056.360201         0.977393 
     6056.370200         0.983084 
     6056.380200         0.977165 
     6056.390200         0.981215 
     6056.400200         0.990158 
     6056.410200         0.989018 
     6056.420199         0.986461 
     6056.430199         0.988322 
     6056.440199         0.990239 
     6056.450199         0.991034 
     6056.460199         0.988690 
     6056.470198         0.987959 
     6056.480198         0.990577 
     6056.490198         0.991148 
     6056.500198         0.989853 
     6056.510198         0.992799 
     6056.520197         0.995698 
     6056.530197         0.993947 
     6056.540197         0.991830 
     6056.550197         0.991547 
     6056.560197         0.991503 
     6056.570196         0.991147 
     6056.580196         0.989830 
     6056.590196         0.990987 
     6056.600196         0.995003 
     6056.610196         0.995416 
     6056.620195         0.993556 
     6056.630195         0.992791 
     6056.640195         0.991926 
     6056.650195         0.990589 
     6056.660195         0.994036 
     6056.670194         0.999831 
     6056.680194         0.998946 
     6056.690194         0.995917 
     6056.700194         0.995583 
     6056.710194         0.997185 
     6056.720193         0.999497 
     6056.730193         0.999556 
     6056.740193         0.997151 
     6056.750193         0.993253 
     6056.760193         0.993967 
     6056.770192         0.999661 
     6056.780192         0.999959 
     6056.790192         0.996781 
     6056.800192         0.994921 
     6056.810192         0.992621 
     6056.820191         0.989707 
     6056.830191         0.990718 
     6056.840191         0.994081 
     6056.850191         0.994674 
     6056.860191         0.996319 
     6056.870190         1.000544 
     6056.880190         0.999696 
     6056.890190         0.994963 
     6056.900190         0.993417 
     6056.910190         0.996342 
     6056.920189         1.002347 
     6056.930189         1.005736 
     6056.940189         1.004677 
     6056.950189         1.000118 
     6056.960189         0.997648 
     6056.970188         1.000972 
     6056.980188         1.003435 
     6056.990188         1.002001 
     6057.000188         1.001957 
     6057.010188         1.002908 
     6057.020187         1.003777 
     6057.030187         1.001646 
     6057.040187         0.996973 
     6057.050187         0.996709 
     6057.060187         0.999642 
     6057.070186         1.001424 
