     6093.669462         0.793762 
     6093.679462         0.812627 
     6093.689462         0.838372 
     6093.699462         0.864655 
     6093.709462         0.888557 
     6093.719462         0.909185 
     6093.729461         0.926995 
     6093.739461         0.944271 
     6093.749461         0.960111 
     6093.759461         0.968496 
     6093.769461         0.972984 
     6093.779460         0.982906 
     6093.789460         0.993910 
     6093.799460         0.997693 
     6093.809460         0.997226 
     6093.819460         0.996718 
     6093.829459         0.997803 
     6093.839459         1.000974 
     6093.849459         1.001586 
     6093.859459         0.997686 
     6093.869459         0.996736 
     6093.879458         1.000431 
     6093.889458         0.998469 
     6093.899458         0.991687 
     6093.909458         0.993955 
     6093.919458         1.002911 
     6093.929457         1.002985 
     6093.939457         0.997086 
     6093.949457         0.995402 
     6093.959457         0.997012 
     6093.969457         0.998962 
     6093.979456         1.000594 
     6093.989456         1.001724 
     6093.999456         1.001051 
     6094.009456         0.998239 
     6094.019456         0.998239 
     6094.029455         1.001714 
     6094.039455         0.999737 
     6094.049455         0.992556 
     6094.059455         0.996932 
     6094.069455         1.010544 
     6094.079454         1.009102 
     6094.089454         0.996286 
     6094.099454         0.991771 
     6094.109454         0.994056 
     6094.119454         0.995564 
     6094.129453         0.994219 
     6094.139453         0.988755 
     6094.149453         0.987486 
     6094.159453         0.996627 
     6094.169453         1.001237 
     6094.179452         0.993102 
     6094.189452         0.988309 
     6094.199452         0.992340 
     6094.209452         0.992559 
     6094.219452         0.986694 
     6094.229451         0.983641 
     6094.239451         0.983667 
     6094.249451         0.981419 
     6094.259451         0.976418 
     6094.269451         0.969421 
     6094.279450         0.961037 
     6094.289450         0.951795 
     6094.299450         0.943480 
     6094.309450         0.936471 
     6094.319450         0.926027 
     6094.329449         0.908668 
     6094.339449         0.890886 
     6094.349449         0.876586 
     6094.359449         0.865285 
     6094.369449         0.857196 
     6094.379448         0.853261 
     6094.389448         0.854569 
     6094.399448         0.863022 
     6094.409448         0.876864 
     6094.419448         0.890793 
     6094.429447         0.904473 
     6094.439447         0.918623 
     6094.449447         0.934122 
     6094.459447         0.951675 
     6094.469447         0.964788 
     6094.479446         0.968682 
     6094.489446         0.970644 
     6094.499446         0.975490 
     6094.509446         0.981766 
     6094.519446         0.988526 
     6094.529445         0.992473 
     6094.539445         0.992865 
     6094.549445         0.990152 
     6094.559445         0.987012 
     6094.569445         0.989700 
     6094.579444         0.995021 
     6094.589444         0.996980 
     6094.599444         0.996520 
     6094.609444         0.996082 
     6094.619444         0.995436 
     6094.629444         0.994431 
     6094.639443         0.995502 
     6094.649443         0.999307 
     6094.659443         0.998347 
     6094.669443         0.991170 
     6094.679443         0.991525 
     6094.689442         1.001081 
     6094.699442         1.005584 
     6094.709442         1.003710 
     6094.719442         1.001207 
     6094.729442         1.000033 
     6094.739441         1.001248 
     6094.749441         1.003124 
     6094.759441         1.002881 
     6094.769441         1.002165 
     6094.779441         1.002993 
     6094.789440         1.004708 
     6094.799440         1.006749 
     6094.809440         1.005995 
     6094.819440         1.001845 
     6094.829440         1.000299 
     6094.839439         1.002198 
     6094.849439         1.001599 
     6094.859439         0.997896 
     6094.869439         0.996876 
     6094.879439         0.998384 
     6094.889438         0.999880 
     6094.899438         1.001459 
     6094.909438         1.003809 
     6094.919438         1.005206 
     6094.929438         1.003745 
     6094.939437         1.002203 
     6094.949437         1.002629 
     6094.959437         1.002904 
     6094.969437         1.001772 
     6094.979437         1.000413 
     6094.989436         0.999299 
     6094.999436         0.997966 
     6095.009436         0.997025 
     6095.019436         0.998430 
     6095.029436         1.000667 
     6095.039435         0.999630 
     6095.049435         0.997172 
     6095.059435         0.997365 
     6095.069435         0.998853 
     6095.079435         1.000024 
     6095.089434         1.000365 
     6095.099434         0.999927 
     6095.109434         1.000986 
     6095.119434         1.004445 
     6095.129434         1.006008 
     6095.139433         1.005232 
     6095.149433         1.004379 
     6095.159433         1.004318 
     6095.169433         1.002988 
     6095.179433         1.000274 
     6095.189432         0.996500 
     6095.199432         0.994561 
     6095.209432         0.998620 
     6095.219432         1.004663 
     6095.229432         1.007661 
     6095.239431         1.006287 
     6095.249431         1.000181 
     6095.259431         0.996084 
     6095.269431         0.997180 
     6095.279431         0.997587 
     6095.289430         0.995453 
     6095.299430         0.994489 
     6095.309430         0.994806 
     6095.319430         0.992132 
     6095.329430         0.987519 
     6095.339429         0.984220 
     6095.349429         0.984424 
     6095.359429         0.990159 
     6095.369429         0.995543 
     6095.379429         0.993880 
     6095.389428         0.992387 
     6095.399428         0.996523 
     6095.409428         0.997659 
     6095.419428         0.991862 
     6095.429428         0.989840 
     6095.439427         0.993805 
     6095.449427         0.998137 
     6095.459427         1.000259 
     6095.469427         0.996929 
     6095.479427         0.991656 
     6095.489426         0.993431 
     6095.499426         0.998945 
     6095.509426         1.001346 
     6095.519426         0.999419 
     6095.529426         0.992620 
     6095.539426         0.987773 
     6095.549425         0.989612 
     6095.559425         0.991661 
     6095.569425         0.990850 
     6095.579425         0.991370 
     6095.589425         0.994709 
     6095.599424         1.000440 
     6095.609424         1.005119 
     6095.619424         0.998877 
     6095.629424         0.988238 
     6095.639424         0.990431 
     6095.649423         0.998536 
     6095.659423         0.999116 
     6095.669423         0.996231 
     6095.679423         0.995266 
     6095.689423         0.996386 
     6095.699422         0.998851 
     6095.709422         0.998806 
     6095.719422         0.995540 
     6095.729422         0.997406 
     6095.739422         1.003767 
     6095.749421         1.002194 
     6095.759421         0.995087 
     6095.769421         0.997513 
     6095.779421         1.005333 
     6095.789421         1.004980 
     6095.799420         1.000475 
     6095.809420         0.998734 
     6095.819420         0.998116 
     6095.829420         0.996303 
     6095.839420         0.996357 
     6095.849419         1.000099 
     6095.859419         1.002729 
     6095.869419         1.001907 
     6095.879419         0.997790 
     6095.889419         0.993147 
     6095.899418         0.996961 
     6095.909418         1.005209 
     6095.919418         1.002696 
     6095.929418         0.994175 
     6095.939418         0.992373 
     6095.949417         0.996191 
     6095.959417         1.002553 
     6095.969417         1.004238 
     6095.979417         0.996712 
     6095.989417         0.993317 
     6095.999416         1.001066 
     6096.009416         1.005383 
     6096.019416         1.001859 
     6096.029416         0.997680 
     6096.039416         0.995490 
     6096.049415         0.996117 
     6096.059415         0.997759 
     6096.069415         0.997719 
     6096.079415         0.995836 
     6096.089415         0.992915 
     6096.099414         0.990480 
     6096.109414         0.990358 
     6096.119414         0.991203 
     6096.129414         0.991733 
     6096.139414         0.992345 
     6096.149413         0.993398 
     6096.159413         0.995269 
     6096.169413         0.998038 
     6096.179413         0.999517 
     6096.189413         1.000177 
     6096.199412         1.001736 
     6096.209412         1.003894 
     6096.219412         1.004764 
     6096.229412         1.004666 
     6096.239412         1.004226 
     6096.249411         1.002542 
     6096.259411         0.998761 
     6096.269411         0.997176 
     6096.279411         0.999557 
     6096.289411         0.999686 
     6096.299410         0.996071 
     6096.309410         0.995986 
     6096.319410         0.999689 
     6096.329410         0.998798 
     6096.339410         0.994917 
     6096.349409         0.995214 
     6096.359409         0.998589 
     6096.369409         1.000894 
     6096.379409         1.002021 
     6096.389409         1.001454 
     6096.399408         1.001608 
     6096.409408         1.003915 
     6096.419408         1.003983 
     6096.429408         1.000197 
     6096.439408         0.997956 
     6096.449408         0.998220 
     6096.459407         0.996595 
     6096.469407         0.993430 
     6096.479407         0.993365 
     6096.489407         0.994219 
     6096.499407         0.990862 
     6096.509406         0.986494 
     6096.519406         0.986414 
     6096.529406         0.985757 
     6096.539406         0.979722 
     6096.549406         0.969673 
     6096.559405         0.957009 
     6096.569405         0.943394 
     6096.579405         0.928770 
     6096.589405         0.907009 
     6096.599405         0.877924 
     6096.609404         0.847450 
     6096.619404         0.818330 
     6096.629404         0.793398 
     6096.639404         0.770545 
     6096.649404         0.746015 
     6096.659403         0.727653 
     6096.669403         0.724202 
     6096.679403         0.731792 
     6096.689403         0.747116 
     6096.699403         0.767886 
     6096.709402         0.793205 
     6096.719402         0.823556 
     6096.729402         0.856619 
     6096.739402         0.883861 
     6096.749402         0.904370 
     6096.759401         0.921414 
     6096.769401         0.935706 
     6096.779401         0.947831 
     6096.789401         0.959420 
     6096.799401         0.972246 
     6096.809400         0.981414 
     6096.819400         0.983370 
     6096.829400         0.987323 
     6096.839400         0.997134 
     6096.849400         0.999348 
     6096.859399         0.991849 
     6096.869399         0.991720 
     6096.879399         0.999229 
     6096.889399         0.999767 
     6096.899399         0.995189 
     6096.909398         0.994602 
     6096.919398         0.996955 
     6096.929398         0.999019 
     6096.939398         1.001153 
     6096.949398         1.003416 
     6096.959397         1.000713 
     6096.969397         0.991085 
     6096.979397         0.988805 
     6096.989397         0.997035 
     6096.999397         0.997241 
     6097.009396         0.987904 
     6097.019396         0.983752 
     6097.029396         0.984787 
     6097.039396         0.983736 
     6097.049396         0.981188 
     6097.059395         0.979882 
     6097.069395         0.979823 
     6097.079395         0.979590 
     6097.089395         0.981363 
     6097.099395         0.986099 
     6097.109394         0.987455 
     6097.119394         0.983891 
     6097.129394         0.984096 
     6097.139394         0.988944 
     6097.149394         0.989049 
     6097.159393         0.986051 
     6097.169393         0.988913 
     6097.179393         0.993437 
     6097.189393         0.990383 
     6097.199393         0.985149 
     6097.209392         0.984677 
     6097.219392         0.983715 
     6097.229392         0.977915 
     6097.239392         0.973198 
     6097.249392         0.972389 
     6097.259391         0.973670 
     6097.269391         0.975763 
     6097.279391         0.974759 
     6097.289391         0.972791 
     6097.299391         0.977440 
     6097.309390         0.984943 
     6097.319390         0.986188 
     6097.329390         0.984586 
     6097.339390         0.985599 
     6097.349390         0.988286 
     6097.359390         0.991391 
     6097.369389         0.995293 
     6097.379389         0.999632 
     6097.389389         0.998344 
     6097.399389         0.991736 
     6097.409389         0.990690 
     6097.419388         0.994276 
     6097.429388         0.993417 
     6097.439388         0.989661 
     6097.449388         0.988294 
     6097.459388         0.988571 
     6097.469387         0.988643 
     6097.479387         0.990074 
     6097.489387         0.994066 
     6097.499387         0.996928 
     6097.509387         0.996797 
     6097.519386         0.996372 
     6097.529386         0.996975 
     6097.539386         1.000108 
     6097.549386         1.003337 
     6097.559386         0.998219 
     6097.569385         0.991601 
     6097.579385         0.998715 
     6097.589385         1.008726 
     6097.599385         1.005259 
     6097.609385         0.997213 
     6097.619384         0.993917 
     6097.629384         0.995200 
     6097.639384         1.000161 
     6097.649384         1.001256 
     6097.659384         0.997683 
     6097.669383         0.997615 
     6097.679383         1.000958 
     6097.689383         1.000442 
     6097.699383         0.997178 
     6097.709383         0.995706 
     6097.719382         0.996195 
     6097.729382         0.997952 
     6097.739382         0.999039 
     6097.749382         0.998452 
     6097.759382         0.997936 
     6097.769381         0.998914 
     6097.779381         1.001262 
     6097.789381         1.004012 
     6097.799381         1.001858 
     6097.809381         0.996480 
     6097.819380         0.995946 
     6097.829380         0.999194 
     6097.839380         1.000424 
     6097.849380         1.001329 
     6097.859380         1.004443 
     6097.869379         1.006216 
     6097.879379         1.003945 
     6097.889379         1.001684 
     6097.899379         1.001507 
     6097.909379         0.998712 
     6097.919378         0.993416 
     6097.929378         0.995517 
     6097.939378         1.003744 
     6097.949378         1.005944 
     6097.959378         1.003127 
     6097.969377         1.000979 
     6097.979377         1.000191 
     6097.989377         1.000458 
     6097.999377         1.002100 
     6098.009377         1.004946 
     6098.019376         1.006270 
     6098.029376         1.004874 
     6098.039376         1.006017 
     6098.049376         1.008586 
     6098.059376         1.003881 
     6098.069375         0.995093 
     6098.079375         0.996633 
     6098.089375         1.004072 
     6098.099375         1.005021 
     6098.109375         1.001754 
     6098.119374         0.998745 
     6098.129374         0.992676 
     6098.139374         0.982000 
     6098.149374         0.976581 
     6098.159374         0.979474 
     6098.169373         0.970785 
     6098.179373         0.948340 
     6098.189373         0.931771 
     6098.199373         0.922546 
     6098.209373         0.910911 
     6098.219372         0.897815 
     6098.229372         0.887043 
     6098.239372         0.879841 
     6098.249372         0.877223 
     6098.259372         0.877573 
     6098.269372         0.880685 
     6098.279371         0.892509 
     6098.289371         0.913313 
     6098.299371         0.927150 
     6098.309371         0.931901 
     6098.319371         0.940474 
     6098.329370         0.953865 
     6098.339370         0.965968 
     6098.349370         0.975433 
     6098.359370         0.980390 
     6098.369370         0.981952 
     6098.379369         0.981916 
     6098.389369         0.983681 
     6098.399369         0.989189 
     6098.409369         0.992636 
     6098.419369         0.992074 
     6098.429368         0.991092 
     6098.439368         0.991044 
     6098.449368         0.990146 
     6098.459368         0.990523 
     6098.469368         0.996302 
     6098.479367         1.000731 
     6098.489367         0.993521 
     6098.499367         0.987590 
     6098.509367         0.995374 
     6098.519367         1.002407 
     6098.529366         0.999875 
     6098.539366         0.996563 
     6098.549366         0.995563 
     6098.559366         0.992792 
     6098.569366         0.988395 
     6098.579365         0.985030 
     6098.589365         0.982695 
     6098.599365         0.979831 
     6098.609365         0.976183 
     6098.619365         0.970879 
     6098.629364         0.966481 
     6098.639364         0.965066 
     6098.649364         0.962985 
     6098.659364         0.958882 
     6098.669364         0.958296 
     6098.679363         0.962034 
     6098.689363         0.963443 
     6098.699363         0.963795 
     6098.709363         0.970420 
     6098.719363         0.979485 
     6098.729362         0.982471 
     6098.739362         0.983574 
     6098.749362         0.988127 
     6098.759362         0.992432 
     6098.769362         0.994160 
     6098.779361         0.995587 
     6098.789361         0.997863 
     6098.799361         0.999710 
     6098.809361         1.000996 
     6098.819361         1.003418 
     6098.829360         1.005287 
     6098.839360         1.002023 
     6098.849360         0.997365 
     6098.859360         0.996854 
     6098.869360         0.996703 
     6098.879359         0.993405 
     6098.889359         0.992474 
     6098.899359         0.997198 
     6098.909359         0.997982 
     6098.919359         0.993160 
     6098.929358         0.993407 
     6098.939358         0.998303 
     6098.949358         0.996866 
     6098.959358         0.992775 
     6098.969358         0.995925 
     6098.979357         1.000834 
     6098.989357         0.999339 
     6098.999357         0.997200 
     6099.009357         0.999633 
     6099.019357         1.003910 
     6099.029356         1.007788 
     6099.039356         1.006010 
     6099.049356         0.999394 
     6099.059356         0.997549 
     6099.069356         0.999518 
     6099.079355         0.997685 
     6099.089355         0.994595 
     6099.099355         0.995225 
     6099.109355         0.998117 
     6099.119355         1.000591 
     6099.129354         1.001711 
     6099.139354         1.001009 
     6099.149354         0.996880 
     6099.159354         0.990880 
     6099.169354         0.990278 
     6099.179354         0.995090 
     6099.189353         0.996965 
     6099.199353         0.997004 
     6099.209353         0.999831 
     6099.219353         1.003695 
     6099.229353         1.005206 
     6099.239352         1.003574 
     6099.249352         0.999281 
     6099.259352         0.998998 
     6099.269352         1.004751 
     6099.279352         1.007100 
     6099.289351         1.003988 
     6099.299351         1.002739 
     6099.309351         1.003522 
     6099.319351         1.003224 
     6099.329351         1.001840 
     6099.339350         1.000349 
     6099.349350         0.997795 
     6099.359350         0.993557 
     6099.369350         0.992872 
     6099.379350         0.998096 
     6099.389349         1.001793 
     6099.399349         1.001096 
     6099.409349         0.998435 
     6099.419349         0.995845 
     6099.429349         0.996880 
     6099.439348         0.999280 
     6099.449348         0.996512 
     6099.459348         0.993517 
     6099.469348         0.996627 
     6099.479348         1.000733 
     6099.489347         1.001446 
     6099.499347         1.000753 
     6099.509347         0.999906 
     6099.519347         1.000872 
     6099.529347         1.002990 
     6099.539346         1.000795 
     6099.549346         0.995770 
     6099.559346         0.993923 
     6099.569346         0.994423 
     6099.579346         0.994929 
     6099.589345         0.994958 
     6099.599345         0.994383 
     6099.609345         0.994979 
     6099.619345         0.997813 
     6099.629345         1.001583 
     6099.639344         1.004891 
     6099.649344         1.003395 
     6099.659344         0.998526 
     6099.669344         0.996175 
