     6086.569603         1.000224 
     6086.579603         0.998021 
     6086.589603         1.001235 
     6086.599602         1.001094 
     6086.609602         0.991697 
     6086.619602         0.993059 
     6086.629602         0.994786 
     6086.639602         0.986300 
     6086.649601         0.979090 
     6086.659601         0.979254 
     6086.669601         0.983727 
     6086.679601         0.982452 
     6086.689601         0.976630 
     6086.699600         0.974667 
     6086.709600         0.984652 
     6086.719600         0.988380 
     6086.729600         0.988250 
     6086.739600         0.991173 
     6086.749599         0.988197 
     6086.759599         0.989597 
     6086.769599         0.997372 
     6086.779599         0.996476 
     6086.789599         0.995014 
     6086.799598         0.997590 
     6086.809598         1.001429 
     6086.819598         1.001918 
     6086.829598         1.000701 
     6086.839598         1.002084 
     6086.849597         0.995089 
     6086.859597         0.993989 
     6086.869597         1.003757 
     6086.879597         0.997720 
     6086.889597         0.994321 
     6086.899596         0.998860 
     6086.909596         0.995218 
     6086.919596         0.994716 
     6086.929596         0.995922 
     6086.939596         0.991588 
     6086.949595         0.991170 
     6086.959595         0.993485 
     6086.969595         0.994343 
     6086.979595         0.998301 
     6086.989595         0.997001 
     6086.999594         0.991022 
     6087.009594         0.997078 
     6087.019594         0.997248 
     6087.029594         0.992152 
     6087.039594         0.996167 
     6087.049593         0.999244 
     6087.059593         0.998644 
     6087.069593         0.996014 
     6087.079593         0.997798 
     6087.089593         1.001070 
     6087.099592         1.000756 
     6087.109592         0.998358 
     6087.119592         0.998789 
     6087.129592         1.001325 
     6087.139592         1.003966 
     6087.149591         1.001048 
     6087.159591         0.999014 
     6087.169591         1.005996 
     6087.179591         1.004417 
     6087.189591         0.999411 
     6087.199590         0.999014 
     6087.209590         1.001606 
     6087.219590         1.004871 
     6087.229590         1.003867 
     6087.239590         0.999426 
     6087.249589         0.996516 
     6087.259589         0.998233 
     6087.269589         1.005296 
     6087.279589         1.006200 
     6087.289589         1.003770 
     6087.299589         1.004712 
     6087.309588         1.003718 
     6087.319588         1.003102 
     6087.329588         1.003802 
     6087.339588         1.004646 
     6087.349588         1.003524 
     6087.359587         1.000626 
     6087.369587         0.999358 
     6087.379587         1.000008 
     6087.389587         0.999957 
     6087.399587         0.998835 
     6087.409586         1.001638 
     6087.419586         0.999756 
     6087.429586         0.993380 
     6087.439586         0.998866 
     6087.449586         0.994666 
     6087.459585         0.988317 
     6087.469585         0.999305 
     6087.479585         0.999431 
     6087.489585         0.993485 
     6087.499585         0.995383 
     6087.509584         0.993240 
     6087.519584         0.991807 
     6087.529584         0.995336 
     6087.539584         0.998741 
     6087.549584         0.992702 
     6087.559583         0.985851 
     6087.569583         0.991465 
     6087.579583         0.992300 
     6087.589583         0.989732 
     6087.599583         0.990422 
     6087.609582         0.986370 
     6087.619582         0.984868 
     6087.629582         0.987015 
     6087.639582         0.980433 
     6087.649582         0.978843 
     6087.659581         0.979823 
     6087.669581         0.973336 
     6087.679581         0.975919 
     6087.689581         0.977475 
     6087.699581         0.967023 
     6087.709580         0.963474 
     6087.719580         0.959556 
     6087.729580         0.952651 
     6087.739580         0.953305 
     6087.749580         0.951765 
     6087.759579         0.942075 
     6087.769579         0.927216 
     6087.779579         0.922329 
     6087.789579         0.920570 
     6087.799579         0.912929 
     6087.809578         0.908359 
     6087.819578         0.906126 
     6087.829578         0.904961 
     6087.839578         0.906653 
     6087.849578         0.911137 
     6087.859577         0.917958 
     6087.869577         0.925449 
     6087.879577         0.927150 
     6087.889577         0.930953 
     6087.899577         0.940317 
     6087.909576         0.944428 
     6087.919576         0.947785 
     6087.929576         0.955479 
     6087.939576         0.958746 
     6087.949576         0.963274 
     6087.959575         0.968501 
     6087.969575         0.968954 
     6087.979575         0.971127 
     6087.989575         0.978497 
     6087.999575         0.987961 
     6088.009574         0.989335 
     6088.019574         0.986809 
     6088.029574         0.986229 
     6088.039574         0.988836 
     6088.049574         0.992178 
     6088.059573         0.993522 
     6088.069573         0.994851 
     6088.079573         0.997256 
     6088.089573         0.998592 
     6088.099573         0.994504 
     6088.109572         0.993096 
     6088.119572         0.996715 
     6088.129572         1.000383 
     6088.139572         0.998265 
     6088.149572         0.994878 
     6088.159571         0.997666 
     6088.169571         1.001508 
     6088.179571         0.998215 
     6088.189571         0.996429 
     6088.199571         1.001738 
     6088.209571         1.000669 
     6088.219570         0.996545 
     6088.229570         0.994783 
     6088.239570         0.995207 
     6088.249570         0.995629 
     6088.259570         0.994395 
     6088.269569         0.993311 
     6088.279569         0.997268 
     6088.289569         0.997884 
     6088.299569         0.992573 
     6088.309569         0.995448 
     6088.319568         0.998014 
     6088.329568         0.997324 
     6088.339568         0.998520 
     6088.349568         0.999639 
     6088.359568         0.996003 
     6088.369567         0.990995 
     6088.379567         0.998052 
     6088.389567         1.001782 
     6088.399567         0.998486 
     6088.409567         1.000176 
     6088.419566         1.001306 
     6088.429566         1.000684 
     6088.439566         1.000065 
     6088.449566         0.996906 
     6088.459566         0.996968 
     6088.469565         1.002983 
     6088.479565         1.005266 
     6088.489565         1.002936 
     6088.499565         1.002637 
     6088.509565         1.007151 
     6088.519564         1.005064 
     6088.529564         0.999021 
     6088.539564         0.999561 
     6088.549564         0.997775 
     6088.559564         0.997390 
     6088.569563         1.002211 
     6088.579563         1.003246 
     6088.589563         1.001647 
     6088.599563         1.002912 
     6088.609563         1.004659 
     6088.619562         1.005222 
     6088.629562         1.003059 
     6088.639562         1.001161 
     6088.649562         1.001883 
     6088.659562         1.001797 
     6088.669561         1.000933 
     6088.679561         1.000925 
     6088.689561         1.002609 
     6088.699561         1.004123 
     6088.709561         1.003878 
     6088.719560         1.001834 
     6088.729560         1.001648 
     6088.739560         1.004422 
     6088.749560         1.005126 
     6088.759560         1.002993 
     6088.769559         1.001631 
     6088.779559         1.002732 
     6088.789559         1.001345 
     6088.799559         1.000052 
     6088.809559         1.005138 
     6088.819558         1.006841 
     6088.829558         1.005120 
     6088.839558         1.003415 
     6088.849558         1.003892 
     6088.859558         1.004491 
     6088.869557         1.003176 
     6088.879557         1.001589 
     6088.889557         1.001052 
     6088.899557         1.002140 
     6088.909557         1.004274 
     6088.919556         1.003458 
     6088.929556         0.996162 
     6088.939556         0.989107 
     6088.949556         0.991290 
     6088.959556         0.993976 
     6088.969555         0.994701 
     6088.979555         0.996913 
     6088.989555         0.995213 
     6088.999555         0.993321 
     6089.009555         0.993243 
     6089.019554         0.990982 
     6089.029554         0.994660 
     6089.039554         0.996270 
     6089.049554         0.988510 
     6089.059554         0.987805 
     6089.069553         0.992785 
     6089.079553         0.992564 
     6089.089553         0.987638 
     6089.099553         0.988530 
     6089.109553         0.993964 
     6089.119552         0.994456 
     6089.129552         0.994012 
     6089.139552         0.992849 
     6089.149552         0.990823 
     6089.159552         0.993034 
     6089.169552         0.996376 
     6089.179551         0.998446 
     6089.189551         0.998113 
     6089.199551         0.993113 
     6089.209551         0.989756 
     6089.219551         0.992903 
     6089.229550         0.993316 
     6089.239550         0.994766 
     6089.249550         0.999299 
     6089.259550         0.997011 
     6089.269550         0.996160 
     6089.279549         0.995001 
     6089.289549         0.989731 
     6089.299549         0.990938 
     6089.309549         0.996129 
     6089.319549         0.999707 
     6089.329548         0.994378 
     6089.339548         0.992951 
     6089.349548         0.997208 
     6089.359548         0.995467 
     6089.369548         0.993168 
     6089.379547         0.993870 
     6089.389547         0.995817 
     6089.399547         0.994742 
     6089.409547         0.990631 
     6089.419547         0.986760 
     6089.429546         0.988653 
     6089.439546         0.987003 
     6089.449546         0.978283 
     6089.459546         0.967030 
     6089.469546         0.955621 
     6089.479545         0.942176 
     6089.489545         0.925523 
     6089.499545         0.903636 
     6089.509545         0.874517 
     6089.519545         0.841965 
     6089.529544         0.810837 
     6089.539544         0.781202 
     6089.549544         0.755064 
     6089.559544         0.737257 
     6089.569544         0.729369 
     6089.579543         0.735338 
     6089.589543         0.751694 
     6089.599543         0.769147 
     6089.609543         0.792435 
     6089.619543         0.821764 
     6089.629542         0.851732 
     6089.639542         0.883660 
     6089.649542         0.910581 
     6089.659542         0.929419 
     6089.669542         0.944733 
     6089.679541         0.956326 
     6089.689541         0.967522 
     6089.699541         0.980916 
     6089.709541         0.987095 
     6089.719541         0.986763 
     6089.729540         0.987418 
     6089.739540         0.990687 
     6089.749540         0.994941 
     6089.759540         0.996820 
     6089.769540         0.992912 
     6089.779539         0.992660 
     6089.789539         0.994939 
     6089.799539         0.995805 
     6089.809539         0.998835 
     6089.819539         0.999545 
     6089.829538         1.002494 
     6089.839538         1.007724 
     6089.849538         1.002876 
     6089.859538         0.997305 
     6089.869538         1.001790 
     6089.879537         1.005593 
     6089.889537         1.006642 
     6089.899537         1.006293 
     6089.909537         1.001586 
     6089.919537         0.999839 
     6089.929536         0.998411 
     6089.939536         0.993407 
     6089.949536         0.994326 
     6089.959536         0.995345 
     6089.969536         0.994399 
     6089.979535         0.998030 
     6089.989535         1.000986 
     6089.999535         0.999795 
     6090.009535         0.997074 
     6090.019535         0.994009 
     6090.029534         0.991205 
     6090.039534         0.990094 
     6090.049534         0.992193 
     6090.059534         0.993158 
     6090.069534         0.991605 
     6090.079534         0.987599 
     6090.089533         0.982227 
     6090.099533         0.978537 
     6090.109533         0.971788 
     6090.119533         0.954260 
     6090.129533         0.934227 
     6090.139532         0.910930 
     6090.149532         0.882361 
     6090.159532         0.856753 
     6090.169532         0.829958 
     6090.179532         0.800803 
     6090.189531         0.777236 
     6090.199531         0.761188 
     6090.209531         0.752498 
     6090.219531         0.753363 
     6090.229531         0.766259 
     6090.239530         0.786039 
     6090.249530         0.804573 
     6090.259530         0.827906 
     6090.269530         0.853844 
     6090.279530         0.880075 
     6090.289529         0.906388 
     6090.299529         0.928523 
     6090.309529         0.945963 
     6090.319529         0.960115 
     6090.329529         0.970309 
     6090.339528         0.978973 
     6090.349528         0.985716 
     6090.359528         0.987766 
     6090.369528         0.991605 
     6090.379528         0.996098 
     6090.389527         0.998016 
     6090.399527         1.000734 
     6090.409527         0.999268 
     6090.419527         0.998341 
     6090.429527         1.002706 
     6090.439526         0.999583 
     6090.449526         0.993963 
     6090.459526         0.999878 
     6090.469526         1.009550 
     6090.479526         1.004127 
     6090.489525         0.992847 
     6090.499525         0.993591 
     6090.509525         1.000160 
     6090.519525         1.003685 
     6090.529525         1.001497 
     6090.539524         0.997463 
     6090.549524         0.994245 
     6090.559524         0.993915 
     6090.569524         0.994563 
     6090.579524         0.998834 
     6090.589523         0.999323 
     6090.599523         0.992820 
     6090.609523         0.993793 
     6090.619523         1.001288 
     6090.629523         1.001822 
     6090.639522         0.997059 
     6090.649522         0.998798 
     6090.659522         1.002925 
     6090.669522         1.000342 
     6090.679522         0.998382 
     6090.689521         1.001103 
     6090.699521         1.004350 
     6090.709521         1.003863 
     6090.719521         1.002582 
     6090.729521         1.000968 
     6090.739520         0.998643 
     6090.749520         0.997342 
     6090.759520         0.996883 
     6090.769520         0.996743 
     6090.779520         0.996988 
     6090.789519         0.996536 
     6090.799519         0.997770 
     6090.809519         1.001625 
     6090.819519         0.999613 
     6090.829519         0.994300 
     6090.839518         0.995448 
     6090.849518         1.000931 
     6090.859518         1.003042 
     6090.869518         1.003053 
     6090.879518         1.003661 
     6090.889517         1.002347 
     6090.899517         0.997838 
     6090.909517         0.994923 
     6090.919517         0.998466 
     6090.929517         1.003107 
     6090.939516         1.006435 
     6090.949516         1.007270 
     6090.959516         1.001503 
     6090.969516         0.998765 
     6090.979516         1.002990 
     6090.989516         1.004456 
     6090.999515         1.000645 
     6091.009515         0.998120 
     6091.019515         0.998332 
     6091.029515         0.996785 
     6091.039515         0.993905 
     6091.049514         0.994593 
     6091.059514         0.994971 
     6091.069514         0.988853 
     6091.079514         0.979818 
     6091.089514         0.977145 
     6091.099513         0.974126 
     6091.109513         0.961151 
     6091.119513         0.942865 
     6091.129513         0.923744 
     6091.139513         0.909850 
     6091.149512         0.902862 
     6091.159512         0.897325 
     6091.169512         0.890160 
     6091.179512         0.886484 
     6091.189512         0.888062 
     6091.199511         0.894702 
     6091.209511         0.906892 
     6091.219511         0.920126 
     6091.229511         0.933046 
     6091.239511         0.945252 
     6091.249510         0.957122 
     6091.259510         0.964404 
     6091.269510         0.969055 
     6091.279510         0.976591 
     6091.289510         0.983648 
     6091.299509         0.984434 
     6091.309509         0.983539 
     6091.319509         0.986459 
     6091.329509         0.989424 
     6091.339509         0.989132 
     6091.349508         0.988948 
     6091.359508         0.991401 
     6091.369508         0.992964 
     6091.379508         0.991617 
     6091.389508         0.991129 
     6091.399507         0.990688 
     6091.409507         0.990601 
     6091.419507         0.994222 
     6091.429507         0.995229 
     6091.439507         0.993845 
     6091.449506         0.995815 
     6091.459506         0.999385 
     6091.469506         0.998229 
     6091.479506         0.994451 
     6091.489506         0.995424 
     6091.499505         0.997230 
     6091.509505         0.997389 
     6091.519505         0.997715 
     6091.529505         0.997309 
     6091.539505         0.997311 
     6091.549504         0.997915 
     6091.559504         0.995807 
     6091.569504         0.991906 
     6091.579504         0.989565 
     6091.589504         0.988993 
     6091.599503         0.991858 
     6091.609503         0.994989 
     6091.619503         0.989947 
     6091.629503         0.980496 
     6091.639503         0.980222 
     6091.649502         0.985360 
     6091.659502         0.982648 
     6091.669502         0.974382 
     6091.679502         0.966318 
     6091.689502         0.960681 
     6091.699501         0.960150 
     6091.709501         0.958440 
     6091.719501         0.951011 
     6091.729501         0.946954 
     6091.739501         0.951699 
     6091.749500         0.955359 
     6091.759500         0.953608 
     6091.769500         0.951065 
     6091.779500         0.949068 
     6091.789500         0.945506 
     6091.799499         0.939819 
     6091.809499         0.931454 
     6091.819499         0.923545 
     6091.829499         0.920271 
     6091.839499         0.915620 
     6091.849498         0.897403 
     6091.859498         0.873442 
     6091.869498         0.858858 
     6091.879498         0.849226 
     6091.889498         0.836555 
     6091.899498         0.826747 
     6091.909497         0.825521 
     6091.919497         0.826735 
     6091.929497         0.826508 
     6091.939497         0.830035 
     6091.949497         0.840218 
     6091.959496         0.852354 
     6091.969496         0.864650 
     6091.979496         0.876802 
     6091.989496         0.889971 
     6091.999496         0.905376 
     6092.009495         0.920198 
     6092.019495         0.926180 
     6092.029495         0.927468 
     6092.039495         0.934011 
     6092.049495         0.943292 
     6092.059494         0.949097 
     6092.069494         0.954881 
     6092.079494         0.965428 
     6092.089494         0.973845 
     6092.099494         0.973742 
     6092.109493         0.974152 
     6092.119493         0.980312 
     6092.129493         0.983416 
     6092.139493         0.980369 
     6092.149493         0.978912 
     6092.159492         0.981702 
     6092.169492         0.985050 
     6092.179492         0.988413 
     6092.189492         0.993224 
     6092.199492         0.998225 
     6092.209491         0.999157 
     6092.219491         0.997515 
     6092.229491         0.996748 
     6092.239491         0.995865 
     6092.249491         0.992860 
     6092.259490         0.990840 
     6092.269490         0.993012 
     6092.279490         0.996957 
     6092.289490         1.000505 
     6092.299490         1.003035 
     6092.309489         1.004083 
     6092.319489         1.001757 
     6092.329489         0.997393 
     6092.339489         0.998639 
     6092.349489         1.006076 
     6092.359488         1.007179 
     6092.369488         1.002387 
     6092.379488         1.002145 
     6092.389488         1.004686 
     6092.399488         1.001916 
     6092.409487         0.997154 
     6092.419487         0.997634 
     6092.429487         0.999876 
     6092.439487         0.999059 
     6092.449487         0.998089 
     6092.459486         0.999748 
     6092.469486         1.001772 
     6092.479486         1.002525 
     6092.489486         1.002654 
     6092.499486         1.002876 
     6092.509485         1.003112 
     6092.519485         1.002904 
     6092.529485         0.998260 
     6092.539485         0.990555 
     6092.549485         0.988354 
     6092.559484         0.992084 
     6092.569484         0.997978 
