     5531.650580         0.996223 
     5531.660579         0.991916 
     5531.670579         0.995125 
     5531.680579         0.992113 
     5531.690579         0.990066 
     5531.700579         0.996375 
     5531.710578         0.998022 
     5531.720578         0.997211 
     5531.730578         0.999570 
     5531.740578         1.006142 
     5531.750578         1.001773 
     5531.760577         0.999542 
     5531.770577         1.003056 
     5531.780577         1.000562 
     5531.790577         1.001699 
     5531.800577         0.998806 
     5531.810577         0.989275 
     5531.820576         0.994026 
     5531.830576         0.994368 
     5531.840576         0.989079 
     5531.850576         0.985793 
     5531.860576         0.981279 
     5531.870575         0.975582 
     5531.880575         0.971117 
     5531.890575         0.970033 
     5531.900575         0.958509 
     5531.910575         0.942557 
     5531.920574         0.929828 
     5531.930574         0.919852 
     5531.940574         0.902786 
     5531.950574         0.886796 
     5531.960574         0.881267 
     5531.970573         0.875249 
     5531.980573         0.872107 
     5531.990573         0.870527 
     5532.000573         0.871946 
     5532.010573         0.892252 
     5532.020572         0.908988 
     5532.030572         0.914464 
     5532.040572         0.923698 
     5532.050572         0.942498 
     5532.060572         0.953592 
     5532.070571         0.951263 
     5532.080571         0.954703 
     5532.090571         0.961572 
     5532.100571         0.962733 
     5532.110571         0.956937 
     5532.120570         0.956891 
     5532.130570         0.956271 
     5532.140570         0.954457 
     5532.150570         0.958473 
     5532.160570         0.965231 
     5532.170569         0.967988 
     5532.180569         0.968842 
     5532.190569         0.976758 
     5532.200569         0.984156 
     5532.210569         0.985648 
     5532.220568         0.981998 
     5532.230568         0.979207 
     5532.240568         0.983895 
     5532.250568         0.989722 
     5532.260568         0.987725 
     5532.270567         0.986943 
     5532.280567         0.989067 
     5532.290567         0.990764 
     5532.300567         0.987136 
     5532.310567         0.982394 
     5532.320566         0.980506 
     5532.330566         0.981145 
     5532.340566         0.981921 
     5532.350566         0.981976 
     5532.360566         0.978900 
     5532.370565         0.975499 
     5532.380565         0.983911 
     5532.390565         0.979473 
     5532.400565         0.975491 
     5532.410565         0.988021 
     5532.420564         0.991072 
     5532.430564         0.989186 
     5532.440564         0.989780 
     5532.450564         0.993189 
     5532.460564         0.997917 
     5532.470563         0.999240 
     5532.480563         0.999256 
     5532.490563         1.001714 
     5532.500563         1.001590 
     5532.510563         1.000137 
     5532.520562         0.998393 
     5532.530562         0.999016 
     5532.540562         1.002756 
     5532.550562         1.005502 
     5532.560562         1.003085 
     5532.570561         1.000537 
     5532.580561         0.997696 
     5532.590561         0.996921 
     5532.600561         1.001282 
     5532.610561         0.997903 
     5532.620560         0.991794 
     5532.630560         0.984784 
     5532.640560         0.972161 
     5532.650560         0.961827 
     5532.660560         0.948426 
     5532.670559         0.927263 
     5532.680559         0.906048 
     5532.690559         0.875374 
     5532.700559         0.834450 
     5532.710559         0.791755 
     5532.720559         0.758577 
     5532.730558         0.723377 
     5532.740558         0.697854 
     5532.750558         0.695556 
     5532.760558         0.694406 
     5532.770558         0.703362 
     5532.780557         0.725503 
     5532.790557         0.750755 
     5532.800557         0.772967 
     5532.810557         0.792086 
     5532.820557         0.804984 
     5532.830556         0.806432 
     5532.840556         0.809573 
     5532.850556         0.808878 
     5532.860556         0.804206 
     5532.870556         0.809829 
     5532.880555         0.819266 
     5532.890555         0.834308 
     5532.900555         0.857236 
     5532.910555         0.879208 
     5532.920555         0.899346 
     5532.930554         0.917063 
     5532.940554         0.933375 
     5532.950554         0.953394 
     5532.960554         0.965786 
     5532.970554         0.965824 
     5532.980553         0.963334 
     5532.990553         0.972352 
     5533.000553         0.979486 
     5533.010553         0.976146 
     5533.020553         0.974972 
     5533.030552         0.973432 
     5533.040552         0.969534 
     5533.050552         0.969539 
     5533.060552         0.986399 
     5533.070552         0.988566 
     5533.080551         0.978604 
     5533.090551         0.977760 
     5533.100551         0.990760 
     5533.110551         0.991299 
     5533.120551         0.985116 
     5533.130550         0.993778 
     5533.140550         0.990109 
     5533.150550         0.990264 
     5533.160550         0.996598 
     5533.170550         0.993522 
     5533.180549         0.992244 
     5533.190549         0.994175 
     5533.200549         0.994756 
     5533.210549         0.992131 
     5533.220549         0.998120 
     5533.230548         1.002992 
     5533.240548         0.997930 
     5533.250548         0.990570 
     5533.260548         0.995713 
     5533.270548         1.001080 
     5533.280547         0.995866 
     5533.290547         0.999310 
     5533.300547         1.000882 
     5533.310547         1.002751 
     5533.320547         1.007803 
     5533.330546         1.003310 
     5533.340546         1.001264 
     5533.350546         1.003699 
     5533.360546         1.001541 
     5533.370546         1.000516 
     5533.380545         0.999946 
     5533.390545         0.998686 
     5533.400545         0.998700 
     5533.410545         0.991792 
     5533.420545         0.988009 
     5533.430544         0.990623 
     5533.440544         0.988122 
     5533.450544         0.985568 
     5533.460544         0.986675 
     5533.470544         0.989379 
     5533.480543         0.988667 
     5533.490543         0.992126 
     5533.500543         0.996679 
     5533.510543         0.997776 
     5533.520543         1.000033 
     5533.530542         0.997939 
     5533.540542         0.995137 
     5533.550542         0.994654 
     5533.560542         0.987048 
     5533.570542         0.985046 
     5533.580541         0.988657 
     5533.590541         0.987115 
     5533.600541         0.996765 
     5533.610541         1.001283 
     5533.620541         0.996763 
     5533.630541         0.998128 
     5533.640540         1.001321 
     5533.650540         1.002415 
     5533.660540         1.000565 
     5533.670540         0.994906 
     5533.680540         0.997680 
     5533.690539         0.999729 
     5533.700539         0.994783 
     5533.710539         0.998670 
     5533.720539         1.000082 
     5533.730539         0.995292 
     5533.740538         0.989976 
     5533.750538         0.992469 
     5533.760538         0.990555 
     5533.770538         0.988642 
     5533.780538         0.993086 
     5533.790537         0.992770 
     5533.800537         0.993350 
     5533.810537         0.994775 
     5533.820537         0.988999 
     5533.830537         0.981689 
     5533.840536         0.986199 
     5533.850536         0.994301 
     5533.860536         0.991108 
     5533.870536         0.995212 
     5533.880536         0.997488 
     5533.890535         0.994065 
     5533.900535         0.999184 
     5533.910535         1.004939 
     5533.920535         1.003746 
     5533.930535         0.998542 
     5533.940534         1.005623 
     5533.950534         1.007184 
     5533.960534         1.002291 
     5533.970534         1.000474 
     5533.980534         1.004791 
     5533.990533         1.003670 
     5534.000533         1.000315 
     5534.010533         1.003740 
     5534.020533         1.002200 
     5534.030533         1.009355 
     5534.040532         1.015247 
     5534.050532         1.004597 
     5534.060532         1.005040 
     5534.070532         1.010968 
     5534.080532         1.009384 
     5534.090531         1.000083 
     5534.100531         1.001468 
     5534.110531         1.005189 
     5534.120531         1.002149 
     5534.130531         1.000930 
     5534.140530         1.005261 
     5534.150530         1.007128 
     5534.160530         1.003396 
     5534.170530         1.001122 
     5534.180530         0.999055 
     5534.190529         0.995010 
     5534.200529         0.993560 
     5534.210529         0.997403 
     5534.220529         0.994449 
     5534.230529         0.987632 
     5534.240528         0.986662 
     5534.250528         0.995431 
     5534.260528         0.991543 
     5534.270528         0.983786 
     5534.280528         0.982831 
     5534.290527         0.979898 
     5534.300527         0.985165 
     5534.310527         0.987232 
     5534.320527         0.980713 
     5534.330527         0.985215 
     5534.340526         0.988613 
     5534.350526         0.982757 
     5534.360526         0.979644 
     5534.370526         0.992084 
     5534.380526         0.995918 
     5534.390525         0.990650 
     5534.400525         0.993128 
     5534.410525         0.998150 
     5534.420525         0.996904 
     5534.430525         0.995476 
     5534.440524         1.003040 
     5534.450524         1.002528 
     5534.460524         0.996800 
     5534.470524         0.993683 
     5534.480524         0.994030 
     5534.490523         0.996986 
     5534.500523         0.994885 
     5534.510523         0.991805 
     5534.520523         0.996312 
     5534.530523         0.997169 
     5534.540523         0.996011 
     5534.550522         0.993616 
     5534.560522         0.985843 
     5534.570522         0.980854 
     5534.580522         0.978914 
     5534.590522         0.975139 
     5534.600521         0.969832 
     5534.610521         0.960863 
     5534.620521         0.950420 
     5534.630521         0.939094 
     5534.640521         0.923452 
     5534.650520         0.918970 
     5534.660520         0.915231 
     5534.670520         0.906687 
     5534.680520         0.912110 
     5534.690520         0.924277 
     5534.700519         0.932358 
     5534.710519         0.932933 
     5534.720519         0.929976 
     5534.730519         0.930300 
     5534.740519         0.926153 
     5534.750518         0.904988 
     5534.760518         0.869737 
     5534.770518         0.836342 
     5534.780518         0.800577 
     5534.790518         0.752790 
     5534.800517         0.703571 
     5534.810517         0.655766 
     5534.820517         0.613734 
     5534.830517         0.583026 
     5534.840517         0.566962 
     5534.850516         0.565811 
     5534.860516         0.581268 
     5534.870516         0.615023 
     5534.880516         0.658081 
     5534.890516         0.704110 
     5534.900515         0.750525 
     5534.910515         0.799118 
     5534.920515         0.847147 
     5534.930515         0.882752 
     5534.940515         0.908912 
     5534.950514         0.935435 
     5534.960514         0.954859 
     5534.970514         0.969536 
     5534.980514         0.979995 
     5534.990514         0.984065 
     5535.000513         0.986875 
     5535.010513         0.997166 
     5535.020513         1.005315 
     5535.030513         0.997428 
     5535.040513         0.997728 
     5535.050512         0.997537 
     5535.060512         0.994327 
     5535.070512         0.999434 
     5535.080512         0.998748 
     5535.090512         0.996770 
     5535.100511         0.997534 
     5535.110511         0.993924 
     5535.120511         0.987395 
     5535.130511         0.983285 
     5535.140511         0.982367 
     5535.150510         0.979395 
     5535.160510         0.971905 
     5535.170510         0.971492 
     5535.180510         0.977158 
     5535.190510         0.976265 
     5535.200509         0.973488 
     5535.210509         0.973534 
     5535.220509         0.976278 
     5535.230509         0.986016 
     5535.240509         0.986618 
     5535.250508         0.983940 
     5535.260508         0.982950 
     5535.270508         0.978087 
     5535.280508         0.976476 
     5535.290508         0.972554 
     5535.300507         0.963547 
     5535.310507         0.951917 
     5535.320507         0.930023 
     5535.330507         0.903256 
     5535.340507         0.873650 
     5535.350506         0.831289 
     5535.360506         0.782119 
     5535.370506         0.729409 
     5535.380506         0.675997 
     5535.390506         0.626165 
     5535.400505         0.581966 
     5535.410505         0.549395 
     5535.420505         0.530950 
     5535.430505         0.523372 
     5535.440505         0.528616 
     5535.450505         0.547387 
     5535.460504         0.576167 
     5535.470504         0.607962 
     5535.480504         0.636160 
     5535.490504         0.655321 
     5535.500504         0.667669 
     5535.510503         0.675894 
     5535.520503         0.683834 
     5535.530503         0.688556 
     5535.540503         0.690589 
     5535.550503         0.699869 
     5535.560502         0.718193 
     5535.570502         0.737473 
     5535.580502         0.755756 
     5535.590502         0.779224 
     5535.600502         0.805710 
     5535.610501         0.835039 
     5535.620501         0.864731 
     5535.630501         0.887221 
     5535.640501         0.905022 
     5535.650501         0.926396 
     5535.660500         0.950896 
     5535.670500         0.961480 
     5535.680500         0.969210 
     5535.690500         0.976601 
     5535.700500         0.981578 
     5535.710499         0.989633 
     5535.720499         0.994618 
     5535.730499         0.996734 
     5535.740499         0.998213 
     5535.750499         0.997689 
     5535.760498         0.996497 
     5535.770498         1.002309 
     5535.780498         1.007879 
     5535.790498         1.004572 
     5535.800498         1.002197 
     5535.810497         1.000951 
     5535.820497         1.001222 
     5535.830497         1.004594 
     5535.840497         1.000015 
     5535.850497         0.995624 
     5535.860496         0.997997 
     5535.870496         0.996439 
     5535.880496         0.996382 
     5535.890496         0.999828 
     5535.900496         1.001211 
     5535.910495         0.993761 
     5535.920495         0.999048 
     5535.930495         1.005553 
     5535.940495         0.996325 
     5535.950495         0.991470 
     5535.960494         0.999562 
     5535.970494         1.003175 
     5535.980494         0.997340 
     5535.990494         0.995092 
     5536.000494         0.989030 
     5536.010493         0.982913 
     5536.020493         0.985415 
     5536.030493         0.987349 
     5536.040493         0.981017 
     5536.050493         0.973183 
     5536.060492         0.975988 
     5536.070492         0.979827 
     5536.080492         0.974501 
     5536.090492         0.970194 
     5536.100492         0.971471 
     5536.110491         0.970328 
     5536.120491         0.971223 
     5536.130491         0.975101 
     5536.140491         0.979757 
     5536.150491         0.985871 
     5536.160490         0.986879 
     5536.170490         0.984566 
     5536.180490         0.983840 
     5536.190490         0.988113 
     5536.200490         0.983223 
     5536.210489         0.978296 
     5536.220489         0.976903 
     5536.230489         0.971981 
     5536.240489         0.972472 
     5536.250489         0.970465 
     5536.260488         0.966714 
     5536.270488         0.968892 
     5536.280488         0.965932 
     5536.290488         0.967653 
     5536.300488         0.973224 
     5536.310487         0.968026 
     5536.320487         0.971783 
     5536.330487         0.982431 
     5536.340487         0.982307 
     5536.350487         0.973967 
     5536.360487         0.977403 
     5536.370486         0.981652 
     5536.380486         0.981775 
     5536.390486         0.985312 
     5536.400486         0.982266 
     5536.410486         0.980252 
     5536.420485         0.984238 
     5536.430485         0.986604 
     5536.440485         0.986033 
     5536.450485         0.985226 
     5536.460485         0.986149 
     5536.470484         0.987248 
     5536.480484         0.990353 
     5536.490484         0.992685 
     5536.500484         0.992725 
     5536.510484         0.991540 
     5536.520483         0.985005 
     5536.530483         0.977171 
     5536.540483         0.968624 
     5536.550483         0.958861 
     5536.560483         0.955847 
     5536.570482         0.953787 
     5536.580482         0.945991 
     5536.590482         0.938304 
     5536.600482         0.944610 
     5536.610482         0.952914 
     5536.620481         0.957691 
     5536.630481         0.962727 
     5536.640481         0.966639 
     5536.650481         0.972109 
     5536.660481         0.978328 
     5536.670480         0.984703 
     5536.680480         0.990690 
     5536.690480         0.988008 
     5536.700480         0.989266 
     5536.710480         0.997031 
     5536.720479         0.992228 
     5536.730479         0.995092 
     5536.740479         0.998961 
     5536.750479         0.996484 
     5536.760479         1.003093 
     5536.770478         1.002774 
     5536.780478         1.000746 
     5536.790478         1.001378 
     5536.800478         0.996819 
     5536.810478         1.000217 
     5536.820477         0.999928 
     5536.830477         0.992839 
     5536.840477         0.993121 
     5536.850477         0.994440 
     5536.860477         0.989989 
     5536.870476         0.986233 
     5536.880476         0.992189 
     5536.890476         0.996661 
     5536.900476         0.996260 
     5536.910476         0.994737 
     5536.920475         0.992415 
     5536.930475         0.995432 
     5536.940475         0.998184 
     5536.950475         0.996042 
     5536.960475         0.989843 
     5536.970474         0.991617 
     5536.980474         0.997080 
     5536.990474         1.003303 
     5537.000474         1.004552 
     5537.010474         0.992126 
     5537.020473         0.991025 
     5537.030473         0.998870 
     5537.040473         1.001869 
     5537.050473         0.996534 
     5537.060473         0.986092 
     5537.070472         0.983518 
     5537.080472         0.983226 
     5537.090472         0.972841 
     5537.100472         0.970014 
     5537.110472         0.971814 
     5537.120471         0.972530 
     5537.130471         0.980319 
     5537.140471         0.976991 
     5537.150471         0.976496 
     5537.160471         0.987639 
     5537.170470         0.991903 
     5537.180470         0.991262 
     5537.190470         0.990866 
     5537.200470         0.991597 
     5537.210470         0.997012 
     5537.220469         0.997958 
     5537.230469         1.000367 
     5537.240469         1.001204 
     5537.250469         0.996816 
     5537.260469         0.999470 
     5537.270469         1.001781 
     5537.280468         1.002507 
     5537.290468         1.004447 
     5537.300468         0.998603 
     5537.310468         0.996972 
     5537.320468         1.000119 
     5537.330467         1.001263 
     5537.340467         1.002758 
     5537.350467         1.005769 
     5537.360467         1.006518 
     5537.370467         1.003569 
     5537.380466         0.999194 
     5537.390466         1.002888 
     5537.400466         1.006082 
     5537.410466         1.004543 
     5537.420466         1.000026 
     5537.430465         0.996028 
     5537.440465         0.993834 
     5537.450465         0.996192 
     5537.460465         1.001352 
     5537.470465         1.000891 
     5537.480464         0.995878 
     5537.490464         0.992341 
     5537.500464         1.000927 
     5537.510464         1.005579 
     5537.520464         1.000830 
     5537.530463         0.994251 
     5537.540463         0.989109 
     5537.550463         0.987314 
     5537.560463         0.990194 
     5537.570463         0.988770 
     5537.580462         0.984801 
     5537.590462         0.981726 
     5537.600462         0.985720 
     5537.610462         0.986864 
     5537.620462         0.979566 
     5537.630461         0.972522 
     5537.640461         0.954077 
     5537.650461         0.934994 
