     6146.248422         0.985759 
     6146.258422         0.981027 
     6146.268422         0.982223 
     6146.278422         0.991818 
     6146.288422         0.999857 
     6146.298421         0.991482 
     6146.308421         0.985468 
     6146.318421         0.995708 
     6146.328421         0.994622 
     6146.338421         0.990763 
     6146.348420         0.991549 
     6146.358420         0.986669 
     6146.368420         0.984264 
     6146.378420         0.987771 
     6146.388420         0.989376 
     6146.398419         0.993765 
     6146.408419         0.997360 
     6146.418419         0.993087 
     6146.428419         0.992078 
     6146.438419         0.995923 
     6146.448418         0.999020 
     6146.458418         0.996015 
     6146.468418         0.991506 
     6146.478418         0.990329 
     6146.488418         0.989659 
     6146.498418         0.990951 
     6146.508417         0.994621 
     6146.518417         0.997301 
     6146.528417         0.996212 
     6146.538417         0.993084 
     6146.548417         0.997231 
     6146.558416         0.999374 
     6146.568416         0.995502 
     6146.578416         0.992690 
     6146.588416         0.992786 
     6146.598416         0.995784 
     6146.608415         0.998748 
     6146.618415         1.000537 
     6146.628415         1.003836 
     6146.638415         1.007604 
     6146.648415         0.999982 
     6146.658414         0.992504 
     6146.668414         0.995611 
     6146.678414         0.995751 
     6146.688414         0.992041 
     6146.698414         0.991631 
     6146.708413         0.997999 
     6146.718413         0.997928 
     6146.728413         0.990502 
     6146.738413         0.996257 
     6146.748413         1.003488 
     6146.758412         1.002215 
     6146.768412         0.995647 
     6146.778412         0.993730 
     6146.788412         0.997448 
     6146.798412         1.000095 
     6146.808411         1.000456 
     6146.818411         0.999244 
     6146.828411         0.995578 
     6146.838411         0.993705 
     6146.848411         0.997146 
     6146.858410         1.006763 
     6146.868410         1.005141 
     6146.878410         0.998888 
     6146.888410         0.996684 
     6146.898410         1.000875 
     6146.908409         1.001078 
     6146.918409         0.996017 
     6146.928409         0.996695 
     6146.938409         0.999891 
     6146.948409         1.001897 
     6146.958408         1.004666 
     6146.968408         1.003392 
     6146.978408         1.001371 
     6146.988408         1.003472 
     6146.998408         1.005113 
     6147.008407         1.002745 
     6147.018407         0.996570 
     6147.028407         0.996385 
     6147.038407         1.000333 
     6147.048407         1.000670 
     6147.058406         0.995530 
     6147.068406         0.993949 
     6147.078406         0.997504 
     6147.088406         0.994204 
     6147.098406         0.994485 
     6147.108405         0.999477 
     6147.118405         0.995514 
     6147.128405         0.991600 
     6147.138405         0.991679 
     6147.148405         0.993172 
     6147.158404         0.994902 
     6147.168404         0.995822 
     6147.178404         0.996423 
     6147.188404         0.996689 
     6147.198404         0.995551 
     6147.208403         0.994933 
     6147.218403         1.000058 
     6147.228403         1.000928 
     6147.238403         0.995644 
     6147.248403         0.994999 
     6147.258402         0.998473 
     6147.268402         1.000924 
     6147.278402         0.997990 
     6147.288402         0.999446 
     6147.298402         1.004264 
     6147.308401         1.004124 
     6147.318401         1.002683 
     6147.328401         1.001871 
     6147.338401         1.000193 
     6147.348401         1.005415 
     6147.358400         1.008287 
     6147.368400         1.001255 
     6147.378400         0.999372 
     6147.388400         1.003820 
     6147.398400         1.008179 
     6147.408400         1.009589 
     6147.418399         1.007715 
     6147.428399         1.006296 
     6147.438399         1.007687 
     6147.448399         1.007602 
     6147.458399         1.004873 
     6147.468398         1.003741 
     6147.478398         1.005852 
     6147.488398         1.008107 
     6147.498398         1.006443 
     6147.508398         1.003212 
     6147.518397         0.999134 
     6147.528397         0.996031 
     6147.538397         1.000536 
     6147.548397         1.003666 
     6147.558397         1.001878 
     6147.568396         1.001831 
     6147.578396         0.996394 
     6147.588396         0.988163 
     6147.598396         0.989327 
     6147.608396         0.984070 
     6147.618395         0.969213 
     6147.628395         0.956400 
     6147.638395         0.946084 
     6147.648395         0.933642 
     6147.658395         0.912237 
     6147.668394         0.887619 
     6147.678394         0.859595 
     6147.688394         0.828324 
     6147.698394         0.795137 
     6147.708394         0.768840 
     6147.718393         0.748107 
     6147.728393         0.719228 
     6147.738393         0.699303 
     6147.748393         0.691916 
     6147.758393         0.684089 
     6147.768392         0.678134 
     6147.778392         0.672164 
     6147.788392         0.664966 
     6147.798392         0.655806 
     6147.808392         0.648817 
     6147.818391         0.647509 
     6147.828391         0.650708 
     6147.838391         0.659197 
     6147.848391         0.674488 
     6147.858391         0.701037 
     6147.868390         0.731580 
     6147.878390         0.764231 
     6147.888390         0.801072 
     6147.898390         0.835613 
     6147.908390         0.867463 
     6147.918389         0.897411 
     6147.928389         0.922886 
     6147.938389         0.942919 
     6147.948389         0.958489 
     6147.958389         0.968116 
     6147.968388         0.974985 
     6147.978388         0.981772 
     6147.988388         0.991499 
     6147.998388         0.998842 
     6148.008388         0.998887 
     6148.018387         0.991588 
     6148.028387         0.990913 
     6148.038387         0.997890 
     6148.048387         0.999286 
     6148.058387         1.000446 
     6148.068386         0.999479 
     6148.078386         0.995043 
     6148.088386         1.001168 
     6148.098386         1.008555 
     6148.108386         1.002614 
     6148.118385         0.993762 
     6148.128385         0.994659 
     6148.138385         1.005482 
     6148.148385         1.005299 
     6148.158385         1.001033 
     6148.168384         0.998169 
     6148.178384         0.998070 
     6148.188384         0.997104 
     6148.198384         0.996789 
     6148.208384         1.000398 
     6148.218383         1.002126 
     6148.228383         1.000836 
     6148.238383         0.997752 
     6148.248383         1.000963 
     6148.258383         1.002889 
     6148.268382         0.998272 
     6148.278382         0.992534 
     6148.288382         0.995204 
     6148.298382         1.001643 
     6148.308382         1.000724 
     6148.318382         0.994986 
     6148.328381         0.995433 
     6148.338381         1.002975 
     6148.348381         1.001029 
     6148.358381         0.996682 
     6148.368381         0.999384 
     6148.378380         1.001178 
     6148.388380         1.000801 
     6148.398380         0.998915 
     6148.408380         0.996417 
     6148.418380         0.997981 
     6148.428379         1.002532 
     6148.438379         1.002597 
     6148.448379         0.998990 
     6148.458379         0.997808 
     6148.468379         1.003031 
     6148.478378         1.004095 
     6148.488378         0.999681 
     6148.498378         0.996639 
     6148.508378         1.001258 
     6148.518378         1.007414 
     6148.528377         1.007822 
     6148.538377         0.998524 
     6148.548377         0.992916 
     6148.558377         0.994350 
     6148.568377         0.996029 
     6148.578376         0.988895 
     6148.588376         0.983722 
     6148.598376         0.991421 
     6148.608376         0.989233 
     6148.618376         0.979180 
     6148.628375         0.973332 
     6148.638375         0.975683 
     6148.648375         0.979286 
     6148.658375         0.976071 
     6148.668375         0.974020 
     6148.678374         0.975600 
     6148.688374         0.977744 
     6148.698374         0.978073 
     6148.708374         0.978627 
     6148.718374         0.979625 
     6148.728373         0.978737 
     6148.738373         0.978936 
     6148.748373         0.979871 
     6148.758373         0.981079 
     6148.768373         0.982693 
     6148.778372         0.986113 
     6148.788372         0.989527 
     6148.798372         0.990272 
     6148.808372         0.989497 
     6148.818372         0.991076 
     6148.828371         0.995804 
     6148.838371         0.994578 
     6148.848371         0.991451 
     6148.858371         0.992509 
     6148.868371         0.992759 
     6148.878370         0.996982 
     6148.888370         1.002304 
     6148.898370         0.997078 
     6148.908370         0.997209 
     6148.918370         1.001881 
     6148.928369         0.993396 
     6148.938369         0.991360 
     6148.948369         0.993927 
     6148.958369         0.990471 
     6148.968369         0.985788 
     6148.978368         0.985647 
     6148.988368         0.989901 
     6148.998368         0.987925 
     6149.008368         0.986841 
     6149.018368         0.989668 
     6149.028367         0.987800 
     6149.038367         0.991442 
     6149.048367         0.994982 
     6149.058367         0.987475 
     6149.068367         0.987571 
     6149.078366         0.992192 
     6149.088366         0.990027 
     6149.098366         0.984961 
     6149.108366         0.983121 
     6149.118366         0.983167 
     6149.128365         0.975030 
     6149.138365         0.964193 
     6149.148365         0.951634 
     6149.158365         0.932998 
     6149.168365         0.914530 
     6149.178364         0.894037 
     6149.188364         0.865821 
     6149.198364         0.836931 
     6149.208364         0.807922 
     6149.218364         0.781952 
     6149.228364         0.762294 
     6149.238363         0.749363 
     6149.248363         0.742569 
     6149.258363         0.742183 
     6149.268363         0.753179 
     6149.278363         0.772305 
     6149.288362         0.794742 
     6149.298362         0.824716 
     6149.308362         0.856345 
     6149.318362         0.879358 
     6149.328362         0.901664 
     6149.338361         0.922657 
     6149.348361         0.939192 
     6149.358361         0.954980 
     6149.368361         0.968183 
     6149.378361         0.977333 
     6149.388360         0.984934 
     6149.398360         0.991567 
     6149.408360         0.995580 
     6149.418360         0.996883 
     6149.428360         0.999670 
     6149.438359         0.997640 
     6149.448359         0.991787 
     6149.458359         0.993055 
     6149.468359         0.997506 
     6149.478359         1.000083 
     6149.488358         1.000414 
     6149.498358         1.000469 
     6149.508358         1.000925 
     6149.518358         0.999166 
     6149.528358         0.996462 
     6149.538357         0.996767 
     6149.548357         0.998400 
     6149.558357         0.995994 
     6149.568357         0.994275 
     6149.578357         0.994590 
     6149.588356         0.995553 
     6149.598356         0.996407 
     6149.608356         0.995492 
     6149.618356         0.992900 
     6149.628356         0.991340 
     6149.638355         0.991595 
     6149.648355         0.992665 
     6149.658355         0.995562 
     6149.668355         0.993723 
     6149.678355         0.986830 
     6149.688354         0.990506 
     6149.698354         0.992680 
     6149.708354         0.989370 
     6149.718354         0.986764 
     6149.728354         0.988335 
     6149.738353         0.991608 
     6149.748353         0.993100 
     6149.758353         0.994997 
     6149.768353         0.993715 
     6149.778353         0.989746 
     6149.788352         0.993938 
     6149.798352         0.996188 
     6149.808352         0.993017 
     6149.818352         0.994331 
     6149.828352         0.994796 
     6149.838351         0.995187 
     6149.848351         0.999676 
     6149.858351         1.002587 
     6149.868351         1.001714 
     6149.878351         1.001751 
     6149.888350         1.005175 
     6149.898350         1.003569 
     6149.908350         0.996701 
     6149.918350         0.997558 
     6149.928350         1.003250 
     6149.938349         1.006125 
     6149.948349         1.004531 
     6149.958349         1.003472 
     6149.968349         0.999272 
     6149.978349         0.993239 
     6149.988348         0.994358 
     6149.998348         0.997641 
     6150.008348         0.997909 
     6150.018348         0.992415 
     6150.028348         0.991164 
     6150.038347         0.986952 
     6150.048347         0.975635 
     6150.058347         0.968117 
     6150.068347         0.963800 
     6150.078347         0.956453 
     6150.088346         0.950248 
     6150.098346         0.943740 
     6150.108346         0.936326 
     6150.118346         0.930319 
     6150.128346         0.927020 
     6150.138346         0.928330 
     6150.148345         0.931060 
     6150.158345         0.930143 
     6150.168345         0.930879 
     6150.178345         0.936132 
     6150.188345         0.941486 
     6150.198344         0.949269 
     6150.208344         0.956500 
     6150.218344         0.960969 
     6150.228344         0.964752 
     6150.238344         0.969064 
     6150.248343         0.971120 
     6150.258343         0.976526 
     6150.268343         0.982069 
     6150.278343         0.984253 
     6150.288343         0.988568 
     6150.298342         0.994989 
     6150.308342         0.997206 
     6150.318342         0.994951 
     6150.328342         0.992248 
     6150.338342         0.992250 
     6150.348341         0.996254 
     6150.358341         1.000685 
     6150.368341         1.000585 
     6150.378341         0.997844 
     6150.388341         0.994889 
     6150.398340         0.996927 
     6150.408340         1.001222 
     6150.418340         1.001407 
     6150.428340         1.000220 
     6150.438340         0.998122 
     6150.448339         0.996359 
     6150.458339         0.998120 
     6150.468339         1.001432 
     6150.478339         1.001934 
     6150.488339         0.994700 
     6150.498338         0.990609 
     6150.508338         0.993717 
     6150.518338         0.997118 
     6150.528338         0.999219 
     6150.538338         0.998706 
     6150.548337         0.995457 
     6150.558337         0.997898 
     6150.568337         1.003067 
     6150.578337         1.004302 
     6150.588337         1.002686 
     6150.598336         1.002018 
     6150.608336         1.000136 
     6150.618336         0.995006 
     6150.628336         0.997329 
     6150.638336         1.003819 
     6150.648335         1.006911 
     6150.658335         1.002984 
     6150.668335         1.000086 
     6150.678335         1.003049 
     6150.688335         1.000940 
     6150.698334         1.001954 
     6150.708334         1.003290 
     6150.718334         0.998008 
     6150.728334         0.999264 
     6150.738334         1.002981 
     6150.748333         1.002222 
     6150.758333         1.000313 
     6150.768333         0.999264 
     6150.778333         0.998408 
     6150.788333         0.996856 
     6150.798332         0.998132 
     6150.808332         1.000063 
     6150.818332         0.999805 
     6150.828332         1.000695 
     6150.838332         0.999131 
     6150.848331         0.996971 
     6150.858331         0.998251 
     6150.868331         1.000242 
     6150.878331         0.998672 
     6150.888331         0.996872 
     6150.898330         0.998737 
     6150.908330         1.001278 
     6150.918330         1.003129 
     6150.928330         1.001288 
     6150.938330         0.998816 
     6150.948329         1.000119 
     6150.958329         1.004035 
     6150.968329         1.004415 
     6150.978329         1.002224 
     6150.988329         0.999051 
     6150.998328         0.996301 
     6151.008328         0.998298 
     6151.018328         1.002191 
     6151.028328         1.003493 
     6151.038328         1.003179 
     6151.048328         1.002045 
     6151.058327         0.997377 
     6151.068327         0.994669 
     6151.078327         0.994100 
     6151.088327         0.992168 
     6151.098327         0.992107 
     6151.108326         0.997251 
     6151.118326         1.002306 
     6151.128326         1.000125 
     6151.138326         0.995018 
     6151.148326         0.992920 
     6151.158325         0.996142 
     6151.168325         1.005218 
     6151.178325         1.008437 
     6151.188325         1.000199 
     6151.198325         0.994750 
     6151.208324         0.997035 
     6151.218324         0.997487 
     6151.228324         0.992791 
     6151.238324         0.993587 
     6151.248324         1.000426 
     6151.258323         1.002995 
     6151.268323         1.000872 
     6151.278323         0.999107 
     6151.288323         0.999743 
     6151.298323         1.003913 
     6151.308322         1.003027 
     6151.318322         0.998080 
     6151.328322         0.998162 
     6151.338322         1.002519 
     6151.348322         1.006522 
     6151.358321         1.004297 
     6151.368321         1.002131 
     6151.378321         1.000147 
     6151.388321         0.999241 
     6151.398321         1.004259 
     6151.408320         1.006098 
     6151.418320         0.999509 
     6151.428320         0.994528 
     6151.438320         0.997820 
     6151.448320         0.999354 
     6151.458319         0.995280 
     6151.468319         0.992447 
     6151.478319         0.987384 
     6151.488319         0.981402 
     6151.498319         0.976886 
     6151.508318         0.964834 
     6151.518318         0.945823 
     6151.528318         0.924602 
     6151.538318         0.898825 
     6151.548318         0.867710 
     6151.558317         0.831372 
     6151.568317         0.789291 
     6151.578317         0.744044 
     6151.588317         0.701774 
     6151.598317         0.665287 
     6151.608316         0.635782 
     6151.618316         0.618931 
     6151.628316         0.623096 
     6151.638316         0.641860 
     6151.648316         0.666026 
     6151.658315         0.697571 
     6151.668315         0.740102 
     6151.678315         0.785249 
     6151.688315         0.821925 
     6151.698315         0.853487 
     6151.708314         0.885606 
     6151.718314         0.912924 
     6151.728314         0.933801 
     6151.738314         0.951869 
     6151.748314         0.967878 
     6151.758313         0.979808 
     6151.768313         0.986435 
     6151.778313         0.989100 
     6151.788313         0.993335 
     6151.798313         0.994368 
     6151.808312         0.990780 
     6151.818312         0.991510 
     6151.828312         0.996255 
     6151.838312         0.999993 
     6151.848312         1.003772 
     6151.858311         1.003895 
     6151.868311         1.001784 
     6151.878311         1.003381 
     6151.888311         1.004646 
     6151.898311         0.999017 
     6151.908310         0.992421 
     6151.918310         0.997923 
     6151.928310         1.004322 
     6151.938310         0.999443 
     6151.948310         0.995183 
     6151.958310         0.999367 
     6151.968309         1.003046 
     6151.978309         0.999508 
     6151.988309         0.996456 
     6151.998309         0.997422 
     6152.008309         1.000005 
     6152.018308         1.003761 
     6152.028308         1.003763 
     6152.038308         0.999033 
     6152.048308         0.996705 
     6152.058308         0.998135 
     6152.068307         0.998622 
     6152.078307         0.997669 
     6152.088307         1.000277 
     6152.098307         1.002592 
     6152.108307         1.000089 
     6152.118306         0.996618 
     6152.128306         0.993245 
     6152.138306         0.991737 
     6152.148306         0.995690 
     6152.158306         1.000983 
     6152.168305         0.996744 
     6152.178305         0.988950 
     6152.188305         0.989525 
     6152.198305         0.992933 
     6152.208305         0.992941 
     6152.218304         0.990762 
     6152.228304         0.985280 
     6152.238304         0.981449 
     6152.248304         0.983900 
