     4534.660301         0.917761 
     4534.670301         0.901944 
     4534.680301         0.881821 
     4534.690300         0.844904 
     4534.700300         0.796471 
     4534.710300         0.732696 
     4534.720300         0.649308 
     4534.730300         0.551433 
     4534.740299         0.454698 
     4534.750299         0.374410 
     4534.760299         0.303805 
     4534.770299         0.254852 
     4534.780299         0.232404 
     4534.790298         0.233123 
     4534.800298         0.272515 
     4534.810298         0.338980 
     4534.820298         0.430450 
     4534.830298         0.531126 
     4534.840297         0.624598 
     4534.850297         0.721109 
     4534.860297         0.794591 
     4534.870297         0.850679 
     4534.880297         0.895728 
     4534.890296         0.928003 
     4534.900296         0.951996 
     4534.910296         0.967855 
     4534.920296         0.982210 
     4534.930296         0.988516 
     4534.940295         0.988476 
     4534.950295         0.998051 
     4534.960295         0.999028 
     4534.970295         1.003774 
     4534.980295         1.000184 
     4534.990294         0.993835 
     4535.000294         1.006834 
     4535.010294         0.998437 
     4535.020294         1.000549 
     4535.030294         1.003068 
     4535.040293         0.995114 
     4535.050293         0.988609 
     4535.060293         0.965250 
     4535.070293         0.934235 
     4535.080293         0.900974 
     4535.090292         0.857927 
     4535.100292         0.798193 
     4535.110292         0.736514 
     4535.120292         0.690615 
     4535.130292         0.662179 
     4535.140291         0.652042 
     4535.150291         0.666319 
     4535.160291         0.706146 
     4535.170291         0.755761 
     4535.180291         0.806336 
     4535.190290         0.852352 
     4535.200290         0.893869 
     4535.210290         0.930579 
     4535.220290         0.945200 
     4535.230290         0.959817 
     4535.240289         0.969751 
     4535.250289         0.964218 
     4535.260289         0.952328 
     4535.270289         0.941179 
     4535.280289         0.920296 
     4535.290288         0.897588 
     4535.300288         0.884162 
     4535.310288         0.877422 
     4535.320288         0.866497 
     4535.330288         0.872678 
     4535.340287         0.890297 
     4535.350287         0.910605 
     4535.360287         0.927645 
     4535.370287         0.934532 
     4535.380287         0.950425 
     4535.390286         0.963389 
     4535.400286         0.970119 
     4535.410286         0.974304 
     4535.420286         0.974674 
     4535.430286         0.980775 
     4535.440285         0.975773 
     4535.450285         0.960715 
     4535.460285         0.948213 
     4535.470285         0.934746 
     4535.480285         0.897770 
     4535.490284         0.847343 
     4535.500284         0.778990 
     4535.510284         0.696768 
     4535.520284         0.609846 
     4535.530284         0.510854 
     4535.540284         0.423435 
     4535.550283         0.343823 
     4535.560283         0.282613 
     4535.570283         0.255189 
     4535.580283         0.255625 
     4535.590283         0.285598 
     4535.600282         0.341544 
     4535.610282         0.412924 
     4535.620282         0.482770 
     4535.630282         0.532259 
     4535.640282         0.557683 
     4535.650281         0.561202 
     4535.660281         0.538020 
     4535.670281         0.491865 
     4535.680281         0.441735 
     4535.690281         0.406792 
     4535.700280         0.387039 
     4535.710280         0.379646 
     4535.720280         0.390742 
     4535.730280         0.422810 
     4535.740280         0.462622 
     4535.750279         0.512210 
     4535.760279         0.570594 
     4535.770279         0.629612 
     4535.780279         0.679561 
     4535.790279         0.717462 
     4535.800278         0.748710 
     4535.810278         0.769395 
     4535.820278         0.762209 
     4535.830278         0.736402 
     4535.840278         0.710965 
     4535.850277         0.662380 
     4535.860277         0.606507 
     4535.870277         0.546731 
     4535.880277         0.479670 
     4535.890277         0.407352 
     4535.900276         0.339451 
     4535.910276         0.293816 
     4535.920276         0.274717 
     4535.930276         0.280223 
     4535.940276         0.308494 
     4535.950275         0.358782 
     4535.960275         0.416028 
     4535.970275         0.461125 
     4535.980275         0.487852 
     4535.990275         0.487989 
     4536.000274         0.456773 
     4536.010274         0.413447 
     4536.020274         0.363659 
     4536.030274         0.320228 
     4536.040274         0.296525 
     4536.050273         0.301414 
     4536.060273         0.339530 
     4536.070273         0.404301 
     4536.080273         0.491049 
     4536.090273         0.588353 
     4536.100272         0.681908 
     4536.110272         0.762477 
     4536.120272         0.826956 
     4536.130272         0.883555 
     4536.140272         0.923900 
     4536.150271         0.947915 
     4536.160271         0.964680 
     4536.170271         0.973360 
     4536.180271         0.987957 
     4536.190271         0.993058 
     4536.200270         0.990212 
     4536.210270         0.995698 
     4536.220270         1.007072 
     4536.230270         0.996882 
     4536.240270         0.997687 
     4536.250269         1.000048 
     4536.260269         0.993207 
     4536.270269         0.990673 
     4536.280269         0.982338 
     4536.290269         0.979916 
     4536.300268         0.974496 
     4536.310268         0.962164 
     4536.320268         0.954899 
     4536.330268         0.958439 
     4536.340268         0.948470 
     4536.350267         0.952350 
     4536.360267         0.951664 
     4536.370267         0.937584 
     4536.380267         0.940986 
     4536.390267         0.931801 
     4536.400266         0.939884 
     4536.410266         0.947464 
     4536.420266         0.940067 
     4536.430266         0.931927 
     4536.440266         0.929040 
     4536.450266         0.921182 
     4536.460265         0.898108 
     4536.470265         0.880273 
     4536.480265         0.877269 
     4536.490265         0.865411 
     4536.500265         0.859996 
     4536.510264         0.877422 
     4536.520264         0.900421 
     4536.530264         0.915018 
     4536.540264         0.928934 
     4536.550264         0.945828 
     4536.560263         0.961762 
     4536.570263         0.975174 
     4536.580263         0.982162 
     4536.590263         0.984523 
     4536.600263         0.990874 
     4536.610262         0.994627 
     4536.620262         1.001659 
     4536.630262         0.999891 
     4536.640262         0.992627 
     4536.650262         0.998737 
     4536.660261         0.999805 
     4536.670261         0.997838 
     4536.680261         1.007853 
     4536.690261         1.012124 
     4536.700261         1.001335 
     4536.710260         1.009502 
     4536.720260         1.001489 
     4536.730260         1.002762 
     4536.740260         1.008559 
     4536.750260         1.005383 
     4536.760259         1.002035 
     4536.770259         0.996237 
     4536.780259         1.003319 
     4536.790259         1.004782 
     4536.800259         1.001062 
     4536.810258         1.004250 
     4536.820258         0.999760 
     4536.830258         0.994619 
     4536.840258         0.994916 
     4536.850258         0.997359 
     4536.860257         0.992788 
     4536.870257         0.982896 
     4536.880257         0.990076 
     4536.890257         0.987736 
     4536.900257         0.983408 
     4536.910256         0.987652 
     4536.920256         0.989473 
     4536.930256         0.975755 
     4536.940256         0.978395 
     4536.950256         0.982283 
     4536.960255         0.987064 
     4536.970255         0.991586 
     4536.980255         0.984084 
     4536.990255         0.981786 
     4537.000255         0.987929 
     4537.010254         0.984167 
     4537.020254         0.980938 
     4537.030254         0.988380 
     4537.040254         0.977585 
     4537.050254         0.968210 
     4537.060253         0.970870 
     4537.070253         0.971805 
     4537.080253         0.967806 
     4537.090253         0.970493 
     4537.100253         0.962440 
     4537.110252         0.963666 
     4537.120252         0.964436 
     4537.130252         0.959220 
     4537.140252         0.955200 
     4537.150252         0.951584 
     4537.160251         0.942622 
     4537.170251         0.943262 
     4537.180251         0.945178 
     4537.190251         0.941488 
     4537.200251         0.940103 
     4537.210250         0.937415 
     4537.220250         0.933035 
     4537.230250         0.937340 
     4537.240250         0.945342 
     4537.250250         0.950820 
     4537.260249         0.962319 
     4537.270249         0.969769 
     4537.280249         0.974788 
     4537.290249         0.984857 
     4537.300249         0.991486 
     4537.310248         0.986494 
     4537.320248         0.991603 
     4537.330248         0.988712 
     4537.340248         0.986450 
     4537.350248         0.984788 
     4537.360248         0.977242 
     4537.370247         0.967590 
     4537.380247         0.956916 
     4537.390247         0.952486 
     4537.400247         0.948263 
     4537.410247         0.945553 
     4537.420246         0.949165 
     4537.430246         0.950084 
     4537.440246         0.961643 
     4537.450246         0.965764 
     4537.460246         0.969826 
     4537.470245         0.979459 
     4537.480245         0.981410 
     4537.490245         0.993925 
     4537.500245         0.993303 
     4537.510245         0.998043 
     4537.520244         1.005726 
     4537.530244         1.000725 
     4537.540244         1.001574 
     4537.550244         1.009214 
     4537.560244         1.006685 
     4537.570243         0.994799 
     4537.580243         0.987228 
     4537.590243         0.986595 
     4537.600243         0.973538 
     4537.610243         0.947169 
     4537.620242         0.926638 
     4537.630242         0.908958 
     4537.640242         0.878685 
     4537.650242         0.840934 
     4537.660242         0.817554 
     4537.670241         0.809375 
     4537.680241         0.811836 
     4537.690241         0.829375 
     4537.700241         0.858855 
     4537.710241         0.880258 
     4537.720240         0.911666 
     4537.730240         0.935446 
     4537.740240         0.955229 
     4537.750240         0.970996 
     4537.760240         0.970591 
     4537.770239         0.973023 
     4537.780239         0.978165 
     4537.790239         0.982043 
     4537.800239         0.984872 
     4537.810239         0.984683 
     4537.820238         0.977829 
     4537.830238         0.971819 
     4537.840238         0.975615 
     4537.850238         0.977650 
     4537.860238         0.971401 
     4537.870237         0.965096 
     4537.880237         0.964696 
     4537.890237         0.965927 
     4537.900237         0.963154 
     4537.910237         0.959296 
     4537.920236         0.957016 
     4537.930236         0.950341 
     4537.940236         0.937770 
     4537.950236         0.933191 
     4537.960236         0.934990 
     4537.970235         0.935613 
     4537.980235         0.935878 
     4537.990235         0.942725 
     4538.000235         0.946462 
     4538.010235         0.953215 
     4538.020234         0.956610 
     4538.030234         0.961043 
     4538.040234         0.969345 
     4538.050234         0.962539 
     4538.060234         0.969415 
     4538.070233         0.969251 
     4538.080233         0.971864 
     4538.090233         0.981857 
     4538.100233         0.979678 
     4538.110233         0.980228 
     4538.120232         0.982341 
     4538.130232         0.982986 
     4538.140232         0.979550 
     4538.150232         0.977853 
     4538.160232         0.983333 
     4538.170231         0.984563 
     4538.180231         0.986475 
     4538.190231         0.987578 
     4538.200231         0.987587 
     4538.210231         0.987077 
     4538.220230         0.982922 
     4538.230230         0.992614 
     4538.240230         0.989391 
     4538.250230         0.983389 
     4538.260230         0.990774 
     4538.270230         0.995739 
     4538.280229         0.986846 
     4538.290229         0.989189 
     4538.300229         0.991925 
     4538.310229         0.988391 
     4538.320229         0.980828 
     4538.330228         0.970331 
     4538.340228         0.966658 
     4538.350228         0.960611 
     4538.360228         0.960993 
     4538.370228         0.960146 
     4538.380227         0.952169 
     4538.390227         0.953510 
     4538.400227         0.957518 
     4538.410227         0.959152 
     4538.420227         0.958392 
     4538.430226         0.956233 
     4538.440226         0.954665 
     4538.450226         0.958366 
     4538.460226         0.970178 
     4538.470226         0.972063 
     4538.480225         0.970863 
     4538.490225         0.972226 
     4538.500225         0.968083 
     4538.510225         0.963399 
     4538.520225         0.963318 
     4538.530224         0.947796 
     4538.540224         0.928982 
     4538.550224         0.918946 
     4538.560224         0.906921 
     4538.570224         0.896452 
     4538.580223         0.880542 
     4538.590223         0.878804 
     4538.600223         0.885980 
     4538.610223         0.889900 
     4538.620223         0.898498 
     4538.630222         0.898257 
     4538.640222         0.909445 
     4538.650222         0.921018 
     4538.660222         0.921308 
     4538.670222         0.917329 
     4538.680221         0.912897 
     4538.690221         0.891893 
     4538.700221         0.863636 
     4538.710221         0.822921 
     4538.720221         0.769924 
     4538.730220         0.720573 
     4538.740220         0.685678 
     4538.750220         0.667989 
     4538.760220         0.655430 
     4538.770220         0.658943 
     4538.780219         0.674069 
     4538.790219         0.675319 
     4538.800219         0.657087 
     4538.810219         0.640363 
     4538.820219         0.629443 
     4538.830218         0.616091 
     4538.840218         0.614870 
     4538.850218         0.645640 
     4538.860218         0.679590 
     4538.870218         0.728368 
     4538.880217         0.781647 
     4538.890217         0.825735 
     4538.900217         0.860238 
     4538.910217         0.887284 
     4538.920217         0.898496 
     4538.930216         0.909048 
     4538.940216         0.915141 
     4538.950216         0.922985 
     4538.960216         0.937988 
     4538.970216         0.951198 
     4538.980215         0.961174 
     4538.990215         0.965405 
     4539.000215         0.972220 
     4539.010215         0.975733 
     4539.020215         0.972976 
     4539.030214         0.976567 
     4539.040214         0.973052 
     4539.050214         0.968731 
     4539.060214         0.952319 
     4539.070214         0.937790 
     4539.080213         0.940121 
     4539.090213         0.936673 
     4539.100213         0.932953 
     4539.110213         0.939051 
     4539.120213         0.950590 
     4539.130212         0.959962 
     4539.140212         0.965139 
     4539.150212         0.969402 
     4539.160212         0.975433 
     4539.170212         0.968216 
     4539.180212         0.963731 
     4539.190211         0.961582 
     4539.200211         0.949059 
     4539.210211         0.940505 
     4539.220211         0.934953 
     4539.230211         0.918621 
     4539.240210         0.911950 
     4539.250210         0.920405 
     4539.260210         0.926231 
     4539.270210         0.930604 
     4539.280210         0.933919 
     4539.290209         0.955084 
     4539.300209         0.963716 
     4539.310209         0.963317 
     4539.320209         0.980036 
     4539.330209         0.971094 
     4539.340208         0.972659 
     4539.350208         0.979216 
     4539.360208         0.976604 
     4539.370208         0.974569 
     4539.380208         0.982247 
     4539.390207         0.982886 
     4539.400207         0.991722 
     4539.410207         0.991131 
     4539.420207         0.992373 
     4539.430207         1.001696 
     4539.440206         1.002542 
     4539.450206         0.998669 
     4539.460206         1.002290 
     4539.470206         0.996534 
     4539.480206         0.996697 
     4539.490205         1.000436 
     4539.500205         0.987842 
     4539.510205         0.988438 
     4539.520205         0.974605 
     4539.530205         0.960590 
     4539.540204         0.946673 
     4539.550204         0.922721 
     4539.560204         0.898290 
     4539.570204         0.885936 
     4539.580204         0.862778 
     4539.590203         0.857799 
     4539.600203         0.866792 
     4539.610203         0.874998 
     4539.620203         0.887593 
     4539.630203         0.895906 
     4539.640202         0.909733 
     4539.650202         0.919032 
     4539.660202         0.914245 
     4539.670202         0.900201 
     4539.680202         0.887799 
     4539.690201         0.868874 
     4539.700201         0.846074 
     4539.710201         0.820826 
     4539.720201         0.786210 
     4539.730201         0.740619 
     4539.740200         0.699477 
     4539.750200         0.676875 
     4539.760200         0.642548 
     4539.770200         0.623678 
     4539.780200         0.632955 
     4539.790199         0.657071 
     4539.800199         0.687830 
     4539.810199         0.731239 
     4539.820199         0.788013 
     4539.830199         0.833154 
     4539.840198         0.872757 
     4539.850198         0.910592 
     4539.860198         0.935921 
     4539.870198         0.957447 
     4539.880198         0.966488 
     4539.890197         0.974087 
     4539.900197         0.986417 
     4539.910197         0.994260 
     4539.920197         0.992223 
     4539.930197         0.992360 
     4539.940196         0.988153 
     4539.950196         0.989740 
     4539.960196         0.991312 
     4539.970196         0.984297 
     4539.980196         0.978432 
     4539.990195         0.988028 
     4540.000195         0.988484 
     4540.010195         0.988305 
     4540.020195         0.990591 
     4540.030195         0.990585 
     4540.040194         0.989817 
     4540.050194         0.997711 
     4540.060194         1.007311 
     4540.070194         1.005374 
     4540.080194         1.005464 
     4540.090194         1.011376 
     4540.100193         1.008167 
     4540.110193         1.000804 
     4540.120193         1.009582 
     4540.130193         1.008177 
     4540.140193         0.998284 
     4540.150192         0.998738 
     4540.160192         1.001039 
     4540.170192         0.985035 
     4540.180192         0.989843 
     4540.190192         0.988466 
     4540.200191         0.985984 
     4540.210191         0.986352 
     4540.220191         0.985897 
     4540.230191         0.993650 
     4540.240191         0.996201 
     4540.250190         0.989947 
     4540.260190         0.991936 
     4540.270190         0.997653 
     4540.280190         0.996132 
     4540.290190         0.994065 
     4540.300189         0.989937 
     4540.310189         0.983188 
     4540.320189         0.975492 
     4540.330189         0.965555 
     4540.340189         0.951821 
     4540.350188         0.936116 
     4540.360188         0.915741 
     4540.370188         0.891130 
     4540.380188         0.875885 
     4540.390188         0.854168 
     4540.400187         0.828212 
     4540.410187         0.815685 
     4540.420187         0.789962 
     4540.430187         0.771448 
     4540.440187         0.740524 
     4540.450186         0.696741 
     4540.460186         0.643276 
     4540.470186         0.580503 
     4540.480186         0.523470 
     4540.490186         0.477644 
     4540.500185         0.460964 
     4540.510185         0.482119 
     4540.520185         0.533624 
     4540.530185         0.603670 
     4540.540185         0.681028 
     4540.550184         0.747597 
     4540.560184         0.818173 
     4540.570184         0.877203 
     4540.580184         0.913228 
     4540.590184         0.931928 
     4540.600183         0.938324 
     4540.610183         0.935883 
     4540.620183         0.922744 
     4540.630183         0.887172 
     4540.640183         0.836677 
     4540.650182         0.775795 
     4540.660182         0.699140 
