     4505.270882         0.967008 
     4505.280882         0.977435 
     4505.290882         0.984234 
     4505.300882         0.982210 
     4505.310881         0.984224 
     4505.320881         0.987360 
     4505.330881         0.987886 
     4505.340881         0.993044 
     4505.350881         1.001884 
     4505.360880         0.989577 
     4505.370880         0.998605 
     4505.380880         1.000010 
     4505.390880         0.995012 
     4505.400880         1.000601 
     4505.410879         1.004886 
     4505.420879         1.000547 
     4505.430879         0.999300 
     4505.440879         0.997922 
     4505.450879         0.998837 
     4505.460878         1.006299 
     4505.470878         1.010354 
     4505.480878         0.998718 
     4505.490878         0.996656 
     4505.500878         0.994842 
     4505.510878         0.992190 
     4505.520877         0.997082 
     4505.530877         1.002080 
     4505.540877         0.996869 
     4505.550877         1.004496 
     4505.560877         1.006051 
     4505.570876         1.004613 
     4505.580876         1.004663 
     4505.590876         0.999452 
     4505.600876         0.998916 
     4505.610876         1.001533 
     4505.620875         0.995051 
     4505.630875         0.991307 
     4505.640875         0.995951 
     4505.650875         0.997707 
     4505.660875         0.992546 
     4505.670874         0.992766 
     4505.680874         0.994087 
     4505.690874         0.992016 
     4505.700874         0.983627 
     4505.710874         0.975730 
     4505.720873         0.981213 
     4505.730873         0.975408 
     4505.740873         0.959548 
     4505.750873         0.954738 
     4505.760873         0.952458 
     4505.770872         0.940084 
     4505.780872         0.938188 
     4505.790872         0.940200 
     4505.800872         0.951321 
     4505.810872         0.967048 
     4505.820871         0.973689 
     4505.830871         0.973855 
     4505.840871         0.986417 
     4505.850871         0.993257 
     4505.860871         0.988333 
     4505.870870         0.990446 
     4505.880870         0.991756 
     4505.890870         0.984673 
     4505.900870         0.986796 
     4505.910870         0.985491 
     4505.920869         0.981066 
     4505.930869         0.985181 
     4505.940869         0.992794 
     4505.950869         0.992765 
     4505.960869         0.991338 
     4505.970868         0.996939 
     4505.980868         0.993330 
     4505.990868         0.995883 
     4506.000868         1.001569 
     4506.010868         0.996070 
     4506.020867         0.984751 
     4506.030867         0.983285 
     4506.040867         0.977091 
     4506.050867         0.977454 
     4506.060867         0.970500 
     4506.070866         0.962668 
     4506.080866         0.967811 
     4506.090866         0.955247 
     4506.100866         0.957430 
     4506.110866         0.965353 
     4506.120865         0.961720 
     4506.130865         0.957883 
     4506.140865         0.963738 
     4506.150865         0.961907 
     4506.160865         0.967819 
     4506.170864         0.974204 
     4506.180864         0.976589 
     4506.190864         0.979270 
     4506.200864         0.979624 
     4506.210864         0.975251 
     4506.220863         0.984869 
     4506.230863         0.977313 
     4506.240863         0.968670 
     4506.250863         0.971571 
     4506.260863         0.969083 
     4506.270862         0.948600 
     4506.280862         0.935577 
     4506.290862         0.921850 
     4506.300862         0.904473 
     4506.310862         0.899948 
     4506.320861         0.897443 
     4506.330861         0.887432 
     4506.340861         0.906830 
     4506.350861         0.911385 
     4506.360861         0.920219 
     4506.370860         0.929520 
     4506.380860         0.939004 
     4506.390860         0.957514 
     4506.400860         0.967958 
     4506.410860         0.967135 
     4506.420860         0.967546 
     4506.430859         0.979788 
     4506.440859         0.989477 
     4506.450859         0.987434 
     4506.460859         0.988811 
     4506.470859         0.992684 
     4506.480858         0.995794 
     4506.490858         1.004061 
     4506.500858         0.999305 
     4506.510858         0.987137 
     4506.520858         0.994420 
     4506.530857         0.988945 
     4506.540857         0.969866 
     4506.550857         0.951052 
     4506.560857         0.938959 
     4506.570857         0.930626 
     4506.580856         0.916419 
     4506.590856         0.894742 
     4506.600856         0.900227 
     4506.610856         0.901336 
     4506.620856         0.903075 
     4506.630855         0.915163 
     4506.640855         0.927818 
     4506.650855         0.936779 
     4506.660855         0.949782 
     4506.670855         0.940640 
     4506.680854         0.941979 
     4506.690854         0.941592 
     4506.700854         0.925366 
     4506.710854         0.916672 
     4506.720854         0.898288 
     4506.730853         0.885134 
     4506.740853         0.875979 
     4506.750853         0.878405 
     4506.760853         0.886854 
     4506.770853         0.886931 
     4506.780852         0.887359 
     4506.790852         0.887131 
     4506.800852         0.883880 
     4506.810852         0.876137 
     4506.820852         0.864731 
     4506.830851         0.857259 
     4506.840851         0.862495 
     4506.850851         0.868468 
     4506.860851         0.889660 
     4506.870851         0.908559 
     4506.880850         0.930116 
     4506.890850         0.954307 
     4506.900850         0.963822 
     4506.910850         0.974810 
     4506.920850         0.974447 
     4506.930849         0.982586 
     4506.940849         0.995096 
     4506.950849         0.997699 
     4506.960849         0.995436 
     4506.970849         0.999758 
     4506.980848         1.002725 
     4506.990848         0.987413 
     4507.000848         0.994069 
     4507.010848         1.000253 
     4507.020848         0.986749 
     4507.030847         0.992903 
     4507.040847         0.992503 
     4507.050847         0.999634 
     4507.060847         0.988234 
     4507.070847         0.974366 
     4507.080846         0.971550 
     4507.090846         0.967788 
     4507.100846         0.968580 
     4507.110846         0.955332 
     4507.120846         0.950344 
     4507.130845         0.958174 
     4507.140845         0.959865 
     4507.150845         0.953517 
     4507.160845         0.951833 
     4507.170845         0.938447 
     4507.180844         0.926427 
     4507.190844         0.905291 
     4507.200844         0.893916 
     4507.210844         0.895149 
     4507.220844         0.890009 
     4507.230843         0.901085 
     4507.240843         0.916071 
     4507.250843         0.931965 
     4507.260843         0.951073 
     4507.270843         0.966089 
     4507.280842         0.971697 
     4507.290842         0.979100 
     4507.300842         0.990901 
     4507.310842         0.988267 
     4507.320842         0.975437 
     4507.330842         0.964231 
     4507.340841         0.957811 
     4507.350841         0.944848 
     4507.360841         0.917952 
     4507.370841         0.912605 
     4507.380841         0.907896 
     4507.390840         0.904618 
     4507.400840         0.904359 
     4507.410840         0.906000 
     4507.420840         0.916651 
     4507.430840         0.923757 
     4507.440839         0.944027 
     4507.450839         0.956095 
     4507.460839         0.962990 
     4507.470839         0.980423 
     4507.480839         0.992780 
     4507.490838         0.985398 
     4507.500838         0.999654 
     4507.510838         0.998997 
     4507.520838         0.997225 
     4507.530838         1.000280 
     4507.540837         0.995947 
     4507.550837         0.996193 
     4507.560837         1.004458 
     4507.570837         1.006746 
     4507.580837         1.001245 
     4507.590836         0.999670 
     4507.600836         1.001103 
     4507.610836         0.999156 
     4507.620836         1.002104 
     4507.630836         1.006621 
     4507.640835         1.007841 
     4507.650835         1.006830 
     4507.660835         1.010230 
     4507.670835         1.009298 
     4507.680835         0.993902 
     4507.690834         0.988388 
     4507.700834         0.987479 
     4507.710834         0.978848 
     4507.720834         0.968718 
     4507.730834         0.960188 
     4507.740833         0.950225 
     4507.750833         0.946472 
     4507.760833         0.945275 
     4507.770833         0.940363 
     4507.780833         0.932556 
     4507.790832         0.935697 
     4507.800832         0.942273 
     4507.810832         0.937098 
     4507.820832         0.942431 
     4507.830832         0.935426 
     4507.840831         0.934129 
     4507.850831         0.935876 
     4507.860831         0.936375 
     4507.870831         0.944986 
     4507.880831         0.959775 
     4507.890830         0.962316 
     4507.900830         0.960757 
     4507.910830         0.966381 
     4507.920830         0.971485 
     4507.930830         0.966755 
     4507.940829         0.960282 
     4507.950829         0.960269 
     4507.960829         0.945884 
     4507.970829         0.940994 
     4507.980829         0.935742 
     4507.990828         0.930418 
     4508.000828         0.929941 
     4508.010828         0.926343 
     4508.020828         0.926525 
     4508.030828         0.926196 
     4508.040827         0.926642 
     4508.050827         0.926986 
     4508.060827         0.925954 
     4508.070827         0.929281 
     4508.080827         0.938024 
     4508.090826         0.942086 
     4508.100826         0.946518 
     4508.110826         0.949845 
     4508.120826         0.951802 
     4508.130826         0.950801 
     4508.140825         0.949951 
     4508.150825         0.952454 
     4508.160825         0.945151 
     4508.170825         0.925789 
     4508.180825         0.902368 
     4508.190824         0.877388 
     4508.200824         0.840905 
     4508.210824         0.782683 
     4508.220824         0.708214 
     4508.230824         0.629119 
     4508.240824         0.549965 
     4508.250823         0.470691 
     4508.260823         0.396816 
     4508.270823         0.339587 
     4508.280823         0.307605 
     4508.290823         0.303271 
     4508.300822         0.336213 
     4508.310822         0.393458 
     4508.320822         0.466585 
     4508.330822         0.550874 
     4508.340822         0.641144 
     4508.350821         0.725054 
     4508.360821         0.782857 
     4508.370821         0.842810 
     4508.380821         0.884956 
     4508.390821         0.914555 
     4508.400820         0.942295 
     4508.410820         0.955496 
     4508.420820         0.959756 
     4508.430820         0.974067 
     4508.440820         0.981858 
     4508.450819         0.986388 
     4508.460819         0.986300 
     4508.470819         0.984749 
     4508.480819         0.991441 
     4508.490819         0.994502 
     4508.500818         0.983559 
     4508.510818         0.980617 
     4508.520818         0.989060 
     4508.530818         0.988931 
     4508.540818         0.981984 
     4508.550817         0.987839 
     4508.560817         0.991510 
     4508.570817         0.987604 
     4508.580817         0.982927 
     4508.590817         0.988750 
     4508.600816         0.990402 
     4508.610816         0.977524 
     4508.620816         0.963905 
     4508.630816         0.950162 
     4508.640816         0.922404 
     4508.650815         0.897588 
     4508.660815         0.874599 
     4508.670815         0.853775 
     4508.680815         0.844116 
     4508.690815         0.839479 
     4508.700814         0.843821 
     4508.710814         0.860560 
     4508.720814         0.884720 
     4508.730814         0.901529 
     4508.740814         0.923742 
     4508.750813         0.949178 
     4508.760813         0.947502 
     4508.770813         0.957588 
     4508.780813         0.963249 
     4508.790813         0.975568 
     4508.800812         0.983856 
     4508.810812         0.982468 
     4508.820812         0.988158 
     4508.830812         0.995723 
     4508.840812         0.983956 
     4508.850811         0.988026 
     4508.860811         0.995122 
     4508.870811         0.996443 
     4508.880811         0.997925 
     4508.890811         0.999844 
     4508.900810         0.997359 
     4508.910810         0.996865 
     4508.920810         0.995903 
     4508.930810         1.000090 
     4508.940810         1.005523 
     4508.950809         1.006799 
     4508.960809         1.006148 
     4508.970809         1.002486 
     4508.980809         0.999047 
     4508.990809         1.003610 
     4509.000808         1.000451 
     4509.010808         0.998226 
     4509.020808         0.999900 
     4509.030808         0.995465 
     4509.040808         1.001013 
     4509.050807         0.992165 
     4509.060807         0.992396 
     4509.070807         0.989298 
     4509.080807         0.985418 
     4509.090807         0.986874 
     4509.100806         0.981761 
     4509.110806         0.973910 
     4509.120806         0.978568 
     4509.130806         0.978772 
     4509.140806         0.973372 
     4509.150806         0.973663 
     4509.160805         0.974035 
     4509.170805         0.968217 
     4509.180805         0.968292 
     4509.190805         0.968465 
     4509.200805         0.961579 
     4509.210804         0.951183 
     4509.220804         0.937364 
     4509.230804         0.917329 
     4509.240804         0.891247 
     4509.250804         0.865356 
     4509.260803         0.850236 
     4509.270803         0.840578 
     4509.280803         0.836055 
     4509.290803         0.833850 
     4509.300803         0.835206 
     4509.310802         0.849129 
     4509.320802         0.870763 
     4509.330802         0.888634 
     4509.340802         0.902129 
     4509.350802         0.924789 
     4509.360801         0.938137 
     4509.370801         0.935029 
     4509.380801         0.933679 
     4509.390801         0.924686 
     4509.400801         0.907816 
     4509.410800         0.888207 
     4509.420800         0.875154 
     4509.430800         0.860399 
     4509.440800         0.848125 
     4509.450800         0.847465 
     4509.460799         0.846989 
     4509.470799         0.865441 
     4509.480799         0.893390 
     4509.490799         0.913691 
     4509.500799         0.932693 
     4509.510798         0.950374 
     4509.520798         0.961366 
     4509.530798         0.973636 
     4509.540798         0.983826 
     4509.550798         0.985927 
     4509.560797         0.989698 
     4509.570797         0.992929 
     4509.580797         0.990061 
     4509.590797         0.987371 
     4509.600797         0.990589 
     4509.610796         0.983461 
     4509.620796         0.984076 
     4509.630796         0.979347 
     4509.640796         0.964639 
     4509.650796         0.945307 
     4509.660795         0.918023 
     4509.670795         0.880207 
     4509.680795         0.839333 
     4509.690795         0.779755 
     4509.700795         0.717046 
     4509.710794         0.658151 
     4509.720794         0.618626 
     4509.730794         0.599213 
     4509.740794         0.591450 
     4509.750794         0.624930 
     4509.760793         0.664714 
     4509.770793         0.725110 
     4509.780793         0.784699 
     4509.790793         0.833922 
     4509.800793         0.878438 
     4509.810792         0.914508 
     4509.820792         0.938807 
     4509.830792         0.954748 
     4509.840792         0.967217 
     4509.850792         0.971076 
     4509.860791         0.974703 
     4509.870791         0.984396 
     4509.880791         0.989733 
     4509.890791         0.986209 
     4509.900791         0.994880 
     4509.910790         0.993957 
     4509.920790         0.985443 
     4509.930790         0.981592 
     4509.940790         0.981808 
     4509.950790         0.980162 
     4509.960789         0.979305 
     4509.970789         0.974480 
     4509.980789         0.966014 
     4509.990789         0.961186 
     4510.000789         0.960793 
     4510.010788         0.957667 
     4510.020788         0.955192 
     4510.030788         0.962876 
     4510.040788         0.971799 
     4510.050788         0.972256 
     4510.060788         0.971863 
     4510.070787         0.970614 
     4510.080787         0.975896 
     4510.090787         0.985736 
     4510.100787         0.985253 
     4510.110787         0.985033 
     4510.120786         0.987479 
     4510.130786         0.984548 
     4510.140786         0.986050 
     4510.150786         0.988815 
     4510.160786         0.989419 
     4510.170785         0.985378 
     4510.180785         0.981398 
     4510.190785         0.989642 
     4510.200785         0.991588 
     4510.210785         0.983720 
     4510.220784         0.984649 
     4510.230784         0.992253 
     4510.240784         0.992295 
     4510.250784         0.990349 
     4510.260784         0.983174 
     4510.270783         0.986099 
     4510.280783         0.989781 
     4510.290783         0.991465 
     4510.300783         0.995866 
     4510.310783         0.995483 
     4510.320782         0.989399 
     4510.330782         0.994843 
     4510.340782         0.999604 
     4510.350782         0.999267 
     4510.360782         1.002803 
     4510.370781         1.000766 
     4510.380781         1.000344 
     4510.390781         1.005359 
     4510.400781         0.994045 
     4510.410781         1.013955 
     4510.420780         1.004140 
     4510.430780         0.998334 
     4510.440780         1.001416 
     4510.450780         0.997891 
     4510.460780         0.998285 
     4510.470779         1.004181 
     4510.480779         0.998468 
     4510.490779         0.999438 
     4510.500779         0.989891 
     4510.510779         0.993754 
     4510.520778         0.998681 
     4510.530778         0.996481 
     4510.540778         1.003034 
     4510.550778         0.998815 
     4510.560778         0.991471 
     4510.570777         0.991647 
     4510.580777         0.998769 
     4510.590777         0.999574 
     4510.600777         0.999488 
     4510.610777         1.008220 
     4510.620776         1.012141 
     4510.630776         0.999676 
     4510.640776         0.997819 
     4510.650776         0.999231 
     4510.660776         1.001247 
     4510.670775         0.999198 
     4510.680775         0.997242 
     4510.690775         0.998493 
     4510.700775         0.996875 
     4510.710775         0.998100 
     4510.720774         0.993662 
     4510.730774         0.993466 
     4510.740774         0.987874 
     4510.750774         0.980829 
     4510.760774         0.974731 
     4510.770773         0.960359 
     4510.780773         0.939791 
     4510.790773         0.926192 
     4510.800773         0.900673 
     4510.810773         0.884956 
     4510.820772         0.882376 
     4510.830772         0.879955 
     4510.840772         0.884573 
     4510.850772         0.897395 
     4510.860772         0.907776 
     4510.870771         0.926756 
     4510.880771         0.943123 
     4510.890771         0.953474 
     4510.900771         0.960915 
     4510.910771         0.967101 
     4510.920770         0.971951 
     4510.930770         0.980682 
     4510.940770         0.977291 
     4510.950770         0.985862 
     4510.960770         0.984214 
     4510.970770         0.985993 
     4510.980769         0.984653 
     4510.990769         0.965093 
     4511.000769         0.956248 
     4511.010769         0.952575 
     4511.020769         0.943318 
     4511.030768         0.927176 
     4511.040768         0.913152 
     4511.050768         0.912182 
     4511.060768         0.915045 
     4511.070768         0.908855 
     4511.080767         0.910837 
     4511.090767         0.905360 
     4511.100767         0.909411 
     4511.110767         0.906549 
     4511.120767         0.897278 
     4511.130766         0.895771 
     4511.140766         0.896217 
     4511.150766         0.886192 
     4511.160766         0.883988 
     4511.170766         0.896920 
     4511.180765         0.906492 
     4511.190765         0.923125 
     4511.200765         0.934013 
     4511.210765         0.941219 
     4511.220765         0.957338 
     4511.230764         0.963257 
     4511.240764         0.970191 
     4511.250764         0.976660 
     4511.260764         0.976028 
     4511.270764         0.970803 
