     6021.050899         1.002443 
     6021.060899         1.011158 
     6021.070899         1.010633 
     6021.080898         0.996872 
     6021.090898         0.998691 
     6021.100898         1.001895 
     6021.110898         0.993461 
     6021.120898         1.000428 
     6021.130897         1.006625 
     6021.140897         1.000680 
     6021.150897         1.000295 
     6021.160897         1.001694 
     6021.170897         0.999774 
     6021.180896         0.998546 
     6021.190896         0.998473 
     6021.200896         0.999101 
     6021.210896         1.000272 
     6021.220896         0.997902 
     6021.230895         0.996106 
     6021.240895         1.000330 
     6021.250895         1.002235 
     6021.260895         0.998365 
     6021.270895         0.995141 
     6021.280894         0.998371 
     6021.290894         1.004486 
     6021.300894         1.004953 
     6021.310894         1.002198 
     6021.320894         0.998013 
     6021.330893         0.994134 
     6021.340893         0.997864 
     6021.350893         1.003547 
     6021.360893         1.003685 
     6021.370893         0.999649 
     6021.380892         0.997693 
     6021.390892         0.999823 
     6021.400892         0.999440 
     6021.410892         0.999012 
     6021.420892         1.001151 
     6021.430891         0.997258 
     6021.440891         0.995800 
     6021.450891         0.999684 
     6021.460891         0.998461 
     6021.470891         0.996718 
     6021.480890         0.997853 
     6021.490890         0.995755 
     6021.500890         0.994169 
     6021.510890         0.995745 
     6021.520890         0.993838 
     6021.530889         0.995763 
     6021.540889         1.001015 
     6021.550889         1.000647 
     6021.560889         0.993382 
     6021.570889         0.987943 
     6021.580888         0.994225 
     6021.590888         0.989981 
     6021.600888         0.978774 
     6021.610888         0.978491 
     6021.620888         0.976079 
     6021.630887         0.968749 
     6021.640887         0.958916 
     6021.650887         0.945777 
     6021.660887         0.928580 
     6021.670887         0.907002 
     6021.680886         0.881317 
     6021.690886         0.846499 
     6021.700886         0.801253 
     6021.710886         0.762389 
     6021.720886         0.719849 
     6021.730886         0.668302 
     6021.740885         0.620857 
     6021.750885         0.573871 
     6021.760885         0.525758 
     6021.770885         0.484921 
     6021.780885         0.455218 
     6021.790884         0.438170 
     6021.800884         0.432835 
     6021.810884         0.438606 
     6021.820884         0.456373 
     6021.830884         0.485826 
     6021.840883         0.528306 
     6021.850883         0.578276 
     6021.860883         0.626799 
     6021.870883         0.679007 
     6021.880883         0.731934 
     6021.890882         0.779165 
     6021.900882         0.821098 
     6021.910882         0.856824 
     6021.920882         0.884680 
     6021.930882         0.911467 
     6021.940881         0.930164 
     6021.950881         0.937854 
     6021.960881         0.949792 
     6021.970881         0.961467 
     6021.980881         0.967582 
     6021.990880         0.976018 
     6022.000880         0.981433 
     6022.010880         0.980071 
     6022.020880         0.978337 
     6022.030880         0.978484 
     6022.040879         0.981914 
     6022.050879         0.988157 
     6022.060879         0.991800 
     6022.070879         0.991832 
     6022.080879         0.991986 
     6022.090878         0.988900 
     6022.100878         0.986040 
     6022.110878         0.987211 
     6022.120878         0.980499 
     6022.130878         0.976926 
     6022.140877         0.989833 
     6022.150877         0.989429 
     6022.160877         0.983504 
     6022.170877         0.984328 
     6022.180877         0.980644 
     6022.190876         0.976625 
     6022.200876         0.978352 
     6022.210876         0.979563 
     6022.220876         0.975269 
     6022.230876         0.969147 
     6022.240875         0.976079 
     6022.250875         0.982210 
     6022.260875         0.981981 
     6022.270875         0.984103 
     6022.280875         0.984621 
     6022.290874         0.984019 
     6022.300874         0.986561 
     6022.310874         0.989373 
     6022.320874         0.990235 
     6022.330874         0.987531 
     6022.340873         0.989043 
     6022.350873         0.991799 
     6022.360873         0.990319 
     6022.370873         0.992776 
     6022.380873         0.995947 
     6022.390872         0.996147 
     6022.400872         0.998747 
     6022.410872         0.996930 
     6022.420872         0.987536 
     6022.430872         0.981494 
     6022.440871         0.982169 
     6022.450871         0.985985 
     6022.460871         0.979844 
     6022.470871         0.975615 
     6022.480871         0.980313 
     6022.490870         0.984704 
     6022.500870         0.981253 
     6022.510870         0.975536 
     6022.520870         0.980662 
     6022.530870         0.983773 
     6022.540869         0.982438 
     6022.550869         0.982684 
     6022.560869         0.991994 
     6022.570869         1.003255 
     6022.580869         1.004410 
     6022.590868         0.994664 
     6022.600868         0.988404 
     6022.610868         0.996685 
     6022.620868         1.002344 
     6022.630868         1.001229 
     6022.640867         0.996024 
     6022.650867         0.998862 
     6022.660867         1.002984 
     6022.670867         1.002217 
     6022.680867         0.996007 
     6022.690867         0.998743 
     6022.700866         1.005291 
     6022.710866         0.998134 
     6022.720866         0.998035 
     6022.730866         1.002322 
     6022.740866         0.991958 
     6022.750865         0.993006 
     6022.760865         0.999671 
     6022.770865         0.995479 
     6022.780865         0.997559 
     6022.790865         1.002725 
     6022.800864         1.001403 
     6022.810864         0.999793 
     6022.820864         1.002413 
     6022.830864         1.005260 
     6022.840864         0.997947 
     6022.850863         0.995410 
     6022.860863         1.003179 
     6022.870863         1.005781 
     6022.880863         1.007392 
     6022.890863         1.008310 
     6022.900862         1.001974 
     6022.910862         0.997602 
     6022.920862         0.997375 
     6022.930862         0.998167 
     6022.940862         1.001690 
     6022.950861         1.004328 
     6022.960861         1.000934 
     6022.970861         0.997381 
     6022.980861         0.996375 
     6022.990861         0.998226 
     6023.000860         0.998436 
     6023.010860         0.995629 
     6023.020860         0.992237 
     6023.030860         0.997607 
     6023.040860         1.000170 
     6023.050859         0.994419 
     6023.060859         0.997233 
     6023.070859         0.998503 
     6023.080859         0.995675 
     6023.090859         0.997625 
     6023.100858         1.000630 
     6023.110858         1.001013 
     6023.120858         0.999336 
     6023.130858         0.998051 
     6023.140858         0.998193 
     6023.150857         0.999443 
     6023.160857         1.002296 
     6023.170857         1.004286 
     6023.180857         1.000575 
     6023.190857         0.993338 
     6023.200856         0.991216 
     6023.210856         0.996844 
     6023.220856         0.997935 
     6023.230856         0.997620 
     6023.240856         0.999009 
     6023.250855         1.004703 
     6023.260855         1.006159 
     6023.270855         1.002610 
     6023.280855         1.001388 
     6023.290855         1.000016 
     6023.300854         0.997699 
     6023.310854         0.996887 
     6023.320854         0.998880 
     6023.330854         1.001362 
     6023.340854         1.000419 
     6023.350853         0.993399 
     6023.360853         0.991556 
     6023.370853         0.999666 
     6023.380853         0.995324 
     6023.390853         0.991279 
     6023.400852         0.994051 
     6023.410852         0.992773 
     6023.420852         0.992432 
     6023.430852         0.993945 
     6023.440852         0.991195 
     6023.450851         0.992116 
     6023.460851         0.993574 
     6023.470851         0.987000 
     6023.480851         0.985447 
     6023.490851         0.988158 
     6023.500850         0.988807 
     6023.510850         0.991628 
     6023.520850         0.994976 
     6023.530850         0.996459 
     6023.540850         0.990793 
     6023.550849         0.987520 
     6023.560849         0.991855 
     6023.570849         0.989925 
     6023.580849         0.988681 
     6023.590849         0.990665 
     6023.600849         0.987991 
     6023.610848         0.989910 
     6023.620848         0.993808 
     6023.630848         0.989583 
     6023.640848         0.989161 
     6023.650848         0.988375 
     6023.660847         0.980159 
     6023.670847         0.984306 
     6023.680847         0.990728 
     6023.690847         0.986366 
     6023.700847         0.982607 
     6023.710846         0.982642 
     6023.720846         0.983187 
     6023.730846         0.978436 
     6023.740846         0.980680 
     6023.750846         0.988275 
     6023.760845         0.982172 
     6023.770845         0.973508 
     6023.780845         0.970349 
     6023.790845         0.973789 
     6023.800845         0.975708 
     6023.810844         0.973400 
     6023.820844         0.968895 
     6023.830844         0.967707 
     6023.840844         0.965282 
     6023.850844         0.958166 
     6023.860843         0.954634 
     6023.870843         0.948224 
     6023.880843         0.937210 
     6023.890843         0.934212 
     6023.900843         0.928493 
     6023.910842         0.913969 
     6023.920842         0.896137 
     6023.930842         0.871145 
     6023.940842         0.843885 
     6023.950842         0.823264 
     6023.960841         0.792190 
     6023.970841         0.752350 
     6023.980841         0.710365 
     6023.990841         0.665017 
     6024.000841         0.619631 
     6024.010840         0.574456 
     6024.020840         0.520620 
     6024.030840         0.472385 
     6024.040840         0.437312 
     6024.050840         0.407730 
     6024.060839         0.390993 
     6024.070839         0.388093 
     6024.080839         0.395057 
     6024.090839         0.420600 
     6024.100839         0.461161 
     6024.110838         0.505654 
     6024.120838         0.562438 
     6024.130838         0.620354 
     6024.140838         0.666842 
     6024.150838         0.714279 
     6024.160837         0.757070 
     6024.170837         0.793322 
     6024.180837         0.834121 
     6024.190837         0.864295 
     6024.200837         0.881652 
     6024.210836         0.901465 
     6024.220836         0.914300 
     6024.230836         0.922752 
     6024.240836         0.937841 
     6024.250836         0.948540 
     6024.260835         0.953568 
     6024.270835         0.955719 
     6024.280835         0.959225 
     6024.290835         0.966630 
     6024.300835         0.975248 
     6024.310834         0.975404 
     6024.320834         0.974001 
     6024.330834         0.977742 
     6024.340834         0.983658 
     6024.350834         0.985679 
     6024.360833         0.985498 
     6024.370833         0.988520 
     6024.380833         0.990431 
     6024.390833         0.988348 
     6024.400833         0.984854 
     6024.410832         0.984255 
     6024.420832         0.985751 
     6024.430832         0.989075 
     6024.440832         0.992443 
     6024.450832         0.990151 
     6024.460831         0.984215 
     6024.470831         0.986935 
     6024.480831         0.992080 
     6024.490831         0.994267 
     6024.500831         0.991829 
     6024.510831         0.990270 
     6024.520830         0.993020 
     6024.530830         1.001221 
     6024.540830         1.002681 
     6024.550830         0.999324 
     6024.560830         0.996854 
     6024.570829         0.998710 
     6024.580829         0.997958 
     6024.590829         0.993437 
     6024.600829         0.996985 
     6024.610829         0.998569 
     6024.620828         0.997307 
     6024.630828         0.998782 
     6024.640828         0.997210 
     6024.650828         0.994871 
     6024.660828         1.000728 
     6024.670827         1.001874 
     6024.680827         0.999522 
     6024.690827         0.999519 
     6024.700827         1.002318 
     6024.710827         1.004616 
     6024.720826         1.004125 
     6024.730826         0.999042 
     6024.740826         0.998445 
     6024.750826         1.004206 
     6024.760826         1.009196 
     6024.770825         1.010682 
     6024.780825         1.006625 
     6024.790825         0.997447 
     6024.800825         0.998135 
     6024.810825         1.000563 
     6024.820824         0.997196 
     6024.830824         1.004619 
     6024.840824         1.007926 
     6024.850824         0.998946 
     6024.860824         0.997256 
     6024.870823         1.000134 
     6024.880823         1.000278 
     6024.890823         0.993953 
     6024.900823         0.995596 
     6024.910823         1.001983 
     6024.920822         0.998477 
     6024.930822         0.994940 
     6024.940822         0.995646 
     6024.950822         0.999128 
     6024.960822         0.993597 
     6024.970821         0.994053 
     6024.980821         1.005135 
     6024.990821         1.002288 
     6025.000821         0.998374 
     6025.010821         0.998888 
     6025.020820         0.993952 
     6025.030820         0.992058 
     6025.040820         0.995524 
     6025.050820         0.998964 
     6025.060820         0.996616 
     6025.070819         0.996814 
     6025.080819         1.002723 
     6025.090819         0.997952 
     6025.100819         0.996489 
     6025.110819         1.003546 
     6025.120818         0.998443 
     6025.130818         0.995504 
     6025.140818         0.997298 
     6025.150818         0.991136 
     6025.160818         0.988294 
     6025.170817         0.990963 
     6025.180817         0.994334 
     6025.190817         0.998376 
     6025.200817         0.998185 
     6025.210817         0.993456 
     6025.220816         1.001237 
     6025.230816         1.001690 
     6025.240816         0.991187 
     6025.250816         0.998021 
     6025.260816         1.000256 
     6025.270815         0.996125 
     6025.280815         1.001335 
     6025.290815         0.997207 
     6025.300815         0.994499 
     6025.310815         1.005909 
     6025.320814         0.999360 
     6025.330814         0.993644 
     6025.340814         1.003167 
     6025.350814         0.999027 
     6025.360814         0.998741 
     6025.370813         1.002145 
     6025.380813         0.989143 
     6025.390813         0.988175 
     6025.400813         0.995769 
     6025.410813         0.991124 
     6025.420813         0.995434 
     6025.430812         0.999956 
     6025.440812         0.993806 
     6025.450812         0.994259 
     6025.460812         0.999843 
     6025.470812         1.003426 
     6025.480811         0.999325 
     6025.490811         0.998576 
     6025.500811         1.002076 
     6025.510811         1.002810 
     6025.520811         1.004748 
     6025.530810         1.006231 
     6025.540810         1.002923 
     6025.550810         0.999522 
     6025.560810         1.000036 
     6025.570810         1.004131 
     6025.580809         1.000253 
     6025.590809         0.997016 
     6025.600809         0.999362 
     6025.610809         1.002488 
     6025.620809         1.001049 
     6025.630808         0.997936 
     6025.640808         0.999356 
     6025.650808         1.000022 
     6025.660808         0.995565 
     6025.670808         0.987961 
     6025.680807         0.983736 
     6025.690807         0.983896 
     6025.700807         0.983371 
     6025.710807         0.976122 
     6025.720807         0.969592 
     6025.730806         0.968156 
     6025.740806         0.970200 
     6025.750806         0.967319 
     6025.760806         0.962078 
     6025.770806         0.962466 
     6025.780805         0.967434 
     6025.790805         0.973337 
     6025.800805         0.977752 
     6025.810805         0.979714 
     6025.820805         0.982403 
     6025.830804         0.987273 
     6025.840804         0.988080 
     6025.850804         0.993183 
     6025.860804         1.000600 
     6025.870804         1.003368 
     6025.880803         1.001637 
     6025.890803         1.001389 
     6025.900803         1.003943 
     6025.910803         0.998287 
     6025.920803         0.998903 
     6025.930802         1.008720 
     6025.940802         1.008703 
     6025.950802         1.005819 
     6025.960802         1.007942 
     6025.970802         1.015262 
     6025.980801         1.005892 
     6025.990801         0.996842 
     6026.000801         1.003225 
     6026.010801         0.999357 
     6026.020801         0.998203 
     6026.030800         1.003621 
     6026.040800         0.997074 
     6026.050800         0.994982 
     6026.060800         0.997987 
     6026.070800         0.994969 
     6026.080799         0.996066 
     6026.090799         0.998210 
     6026.100799         0.994424 
     6026.110799         0.995299 
     6026.120799         0.994146 
     6026.130798         0.990256 
     6026.140798         0.993964 
     6026.150798         0.998754 
     6026.160798         1.000422 
     6026.170798         0.998429 
     6026.180797         0.997677 
     6026.190797         1.000707 
     6026.200797         1.005388 
     6026.210797         0.999543 
     6026.220797         0.995685 
     6026.230796         1.000422 
     6026.240796         1.003815 
     6026.250796         1.003732 
     6026.260796         1.002340 
     6026.270796         1.003284 
     6026.280795         1.000530 
     6026.290795         0.996648 
     6026.300795         0.996070 
     6026.310795         0.994849 
     6026.320795         0.989982 
     6026.330795         0.986095 
     6026.340794         0.989028 
     6026.350794         0.993089 
     6026.360794         0.994824 
     6026.370794         0.998977 
     6026.380794         0.998272 
     6026.390793         0.994283 
     6026.400793         0.994967 
     6026.410793         0.994362 
     6026.420793         0.995442 
     6026.430793         0.998557 
     6026.440792         0.997787 
     6026.450792         0.999592 
     6026.460792         1.003874 
     6026.470792         1.006567 
     6026.480792         1.003101 
     6026.490791         0.997591 
     6026.500791         0.997600 
     6026.510791         1.001036 
     6026.520791         1.003489 
     6026.530791         1.001867 
     6026.540790         0.999670 
     6026.550790         1.000282 
     6026.560790         1.002299 
     6026.570790         1.002944 
     6026.580790         1.001231 
     6026.590789         0.995511 
     6026.600789         0.989078 
     6026.610789         0.995120 
     6026.620789         1.001667 
     6026.630789         0.999532 
     6026.640788         0.998912 
     6026.650788         0.997706 
     6026.660788         0.994637 
     6026.670788         0.992070 
     6026.680788         0.992803 
     6026.690787         0.994536 
     6026.700787         0.992373 
     6026.710787         0.992653 
     6026.720787         0.995780 
     6026.730787         0.997772 
     6026.740786         0.997193 
     6026.750786         0.993672 
     6026.760786         0.991003 
     6026.770786         0.997387 
     6026.780786         0.996212 
     6026.790785         0.990618 
     6026.800785         0.992453 
     6026.810785         0.990595 
     6026.820785         0.991870 
     6026.830785         0.997481 
     6026.840784         0.999244 
     6026.850784         0.997178 
     6026.860784         0.994702 
     6026.870784         0.994907 
     6026.880784         0.992613 
     6026.890783         0.988374 
     6026.900783         0.985228 
     6026.910783         0.983014 
     6026.920783         0.978391 
     6026.930783         0.965488 
     6026.940782         0.940341 
     6026.950782         0.920889 
     6026.960782         0.902393 
     6026.970782         0.865756 
     6026.980782         0.823186 
     6026.990781         0.780842 
     6027.000781         0.734915 
     6027.010781         0.682977 
     6027.020781         0.632915 
     6027.030781         0.592287 
     6027.040780         0.560279 
     6027.050780         0.539334 
