     6117.248996         0.983518 
     6117.258996         0.986475 
     6117.268996         0.988798 
     6117.278995         0.988699 
     6117.288995         0.992699 
     6117.298995         1.000051 
     6117.308995         1.000305 
     6117.318995         0.998611 
     6117.328994         1.002418 
     6117.338994         1.004637 
     6117.348994         1.002321 
     6117.358994         1.002033 
     6117.368994         1.003430 
     6117.378994         1.003023 
     6117.388993         1.001314 
     6117.398993         0.998116 
     6117.408993         0.994992 
     6117.418993         0.993540 
     6117.428993         0.997278 
     6117.438992         1.000670 
     6117.448992         0.997608 
     6117.458992         0.997326 
     6117.468992         1.001051 
     6117.478992         1.000766 
     6117.488991         0.998879 
     6117.498991         1.000175 
     6117.508991         1.000806 
     6117.518991         0.998543 
     6117.528991         0.998249 
     6117.538990         1.000330 
     6117.548990         1.001444 
     6117.558990         1.001161 
     6117.568990         0.999727 
     6117.578990         0.999859 
     6117.588989         1.001250 
     6117.598989         0.998490 
     6117.608989         0.994304 
     6117.618989         0.994679 
     6117.628989         0.994248 
     6117.638988         0.991620 
     6117.648988         0.993907 
     6117.658988         0.997663 
     6117.668988         0.994619 
     6117.678988         0.990885 
     6117.688987         0.992303 
     6117.698987         0.995668 
     6117.708987         0.998352 
     6117.718987         0.999481 
     6117.728987         0.999862 
     6117.738986         1.001652 
     6117.748986         1.001869 
     6117.758986         1.000096 
     6117.768986         0.997196 
     6117.778986         0.996096 
     6117.788985         1.000036 
     6117.798985         1.002059 
     6117.808985         0.998118 
     6117.818985         0.995202 
     6117.828985         0.993989 
     6117.838984         0.990801 
     6117.848984         0.990585 
     6117.858984         0.996152 
     6117.868984         0.996286 
     6117.878984         0.990626 
     6117.888983         0.995028 
     6117.898983         1.000774 
     6117.908983         0.994794 
     6117.918983         0.989880 
     6117.928983         0.992269 
     6117.938982         0.994171 
     6117.948982         0.995532 
     6117.958982         0.998591 
     6117.968982         0.999453 
     6117.978982         0.995250 
     6117.988981         0.992028 
     6117.998981         0.992350 
     6118.008981         0.995934 
     6118.018981         0.997905 
     6118.028981         0.993335 
     6118.038980         0.988034 
     6118.048980         0.985003 
     6118.058980         0.982568 
     6118.068980         0.981717 
     6118.078980         0.982523 
     6118.088979         0.981299 
     6118.098979         0.977047 
     6118.108979         0.978025 
     6118.118979         0.982305 
     6118.128979         0.980344 
     6118.138978         0.978653 
     6118.148978         0.983792 
     6118.158978         0.985962 
     6118.168978         0.984314 
     6118.178978         0.985180 
     6118.188977         0.988186 
     6118.198977         0.990622 
     6118.208977         0.993901 
     6118.218977         0.997191 
     6118.228977         0.995252 
     6118.238976         0.991536 
     6118.248976         0.992126 
     6118.258976         0.994630 
     6118.268976         0.995766 
     6118.278976         0.996896 
     6118.288976         0.997883 
     6118.298975         0.998348 
     6118.308975         0.997917 
     6118.318975         0.997040 
     6118.328975         1.000299 
     6118.338975         1.005773 
     6118.348974         1.002551 
     6118.358974         0.997208 
     6118.368974         0.998842 
     6118.378974         0.999747 
     6118.388974         0.996486 
     6118.398973         0.998904 
     6118.408973         1.003958 
     6118.418973         1.002344 
     6118.428973         1.000668 
     6118.438973         1.002843 
     6118.448972         0.999617 
     6118.458972         0.993330 
     6118.468972         0.996368 
     6118.478972         1.003511 
     6118.488972         1.006613 
     6118.498971         1.004183 
     6118.508971         0.999206 
     6118.518971         0.998786 
     6118.528971         1.001693 
     6118.538971         1.004618 
     6118.548970         1.003106 
     6118.558970         0.998121 
     6118.568970         0.998131 
     6118.578970         1.002114 
     6118.588970         1.004551 
     6118.598969         1.003450 
     6118.608969         0.999485 
     6118.618969         1.000916 
     6118.628969         1.005969 
     6118.638969         1.004101 
     6118.648968         0.999427 
     6118.658968         0.997474 
     6118.668968         0.997566 
     6118.678968         0.999170 
     6118.688968         1.001717 
     6118.698967         1.003529 
     6118.708967         1.002804 
     6118.718967         1.002001 
     6118.728967         1.002292 
     6118.738967         1.000093 
     6118.748966         0.998307 
     6118.758966         1.001029 
     6118.768966         1.003976 
     6118.778966         1.003768 
     6118.788966         1.004002 
     6118.798965         1.004002 
     6118.808965         1.000176 
     6118.818965         0.996876 
     6118.828965         0.998821 
     6118.838965         0.999676 
     6118.848964         0.998469 
     6118.858964         1.000720 
     6118.868964         1.003977 
     6118.878964         1.003056 
     6118.888964         1.002385 
     6118.898963         1.003016 
     6118.908963         1.000237 
     6118.918963         0.996616 
     6118.928963         0.998223 
     6118.938963         0.999036 
     6118.948962         0.996741 
     6118.958962         0.996582 
     6118.968962         0.998919 
     6118.978962         1.000352 
     6118.988962         0.998764 
     6118.998961         0.994088 
     6119.008961         0.995654 
     6119.018961         1.002200 
     6119.028961         1.001225 
     6119.038961         0.997681 
     6119.048960         1.000192 
     6119.058960         1.002802 
     6119.068960         1.002972 
     6119.078960         0.997783 
     6119.088960         0.994213 
     6119.098959         1.000019 
     6119.108959         1.003257 
     6119.118959         0.997543 
     6119.128959         0.995085 
     6119.138959         0.996123 
     6119.148958         0.995538 
     6119.158958         0.999001 
     6119.168958         1.008588 
     6119.178958         1.007470 
     6119.188958         0.997898 
     6119.198958         0.999020 
     6119.208957         1.002462 
     6119.218957         0.998839 
     6119.228957         0.998724 
     6119.238957         1.003390 
     6119.248957         1.002699 
     6119.258956         0.999723 
     6119.268956         0.999432 
     6119.278956         1.002128 
     6119.288956         1.006132 
     6119.298956         1.004244 
     6119.308955         1.000255 
     6119.318955         1.001543 
     6119.328955         1.004514 
     6119.338955         1.005432 
     6119.348955         1.004836 
     6119.358954         1.002333 
     6119.368954         0.996726 
     6119.378954         0.994560 
     6119.388954         0.999875 
     6119.398954         0.997066 
     6119.408953         0.988009 
     6119.418953         0.987469 
     6119.428953         0.986859 
     6119.438953         0.974521 
     6119.448953         0.957477 
     6119.458952         0.939906 
     6119.468952         0.925791 
     6119.478952         0.911511 
     6119.488952         0.891691 
     6119.498952         0.869128 
     6119.508951         0.847454 
     6119.518951         0.833198 
     6119.528951         0.828065 
     6119.538951         0.831326 
     6119.548951         0.840639 
     6119.558950         0.854146 
     6119.568950         0.871374 
     6119.578950         0.890895 
     6119.588950         0.909806 
     6119.598950         0.928080 
     6119.608949         0.944365 
     6119.618949         0.954990 
     6119.628949         0.960696 
     6119.638949         0.967291 
     6119.648949         0.974212 
     6119.658948         0.979372 
     6119.668948         0.977251 
     6119.678948         0.968553 
     6119.688948         0.963597 
     6119.698948         0.959725 
     6119.708947         0.951277 
     6119.718947         0.940685 
     6119.728947         0.931901 
     6119.738947         0.929256 
     6119.748947         0.928543 
     6119.758946         0.922050 
     6119.768946         0.917736 
     6119.778946         0.920472 
     6119.788946         0.928671 
     6119.798946         0.939399 
     6119.808945         0.948951 
     6119.818945         0.956250 
     6119.828945         0.961821 
     6119.838945         0.969971 
     6119.848945         0.978962 
     6119.858944         0.980711 
     6119.868944         0.984330 
     6119.878944         0.996804 
     6119.888944         0.998474 
     6119.898944         0.989379 
     6119.908943         0.993802 
     6119.918943         1.002605 
     6119.928943         1.000528 
     6119.938943         0.996847 
     6119.948943         0.996448 
     6119.958942         0.996793 
     6119.968942         0.996649 
     6119.978942         0.994918 
     6119.988942         0.992978 
     6119.998942         0.992874 
     6120.008941         0.997750 
     6120.018941         1.003736 
     6120.028941         1.001979 
     6120.038941         0.998465 
     6120.048941         0.997695 
     6120.058940         0.998505 
     6120.068940         0.999857 
     6120.078940         0.998680 
     6120.088940         0.997974 
     6120.098940         1.000082 
     6120.108940         0.997925 
     6120.118939         0.994435 
     6120.128939         1.000055 
     6120.138939         1.005186 
     6120.148939         0.998641 
     6120.158939         0.993600 
     6120.168938         0.993367 
     6120.178938         0.989093 
     6120.188938         0.982428 
     6120.198938         0.976516 
     6120.208938         0.970509 
     6120.218937         0.964704 
     6120.228937         0.960423 
     6120.238937         0.957859 
     6120.248937         0.956860 
     6120.258937         0.956309 
     6120.268936         0.956660 
     6120.278936         0.961071 
     6120.288936         0.966859 
     6120.298936         0.967240 
     6120.308936         0.969790 
     6120.318935         0.978123 
     6120.328935         0.982814 
     6120.338935         0.985183 
     6120.348935         0.992636 
     6120.358935         0.998911 
     6120.368934         0.998166 
     6120.378934         0.996597 
     6120.388934         0.996380 
     6120.398934         0.996136 
     6120.408934         0.996380 
     6120.418933         0.998021 
     6120.428933         0.997932 
     6120.438933         0.997887 
     6120.448933         1.004115 
     6120.458933         1.008071 
     6120.468932         1.000362 
     6120.478932         0.994857 
     6120.488932         0.995147 
     6120.498932         0.994044 
     6120.508932         0.994029 
     6120.518931         1.000427 
     6120.528931         1.000877 
     6120.538931         0.993660 
     6120.548931         0.996672 
     6120.558931         1.003351 
     6120.568930         0.999325 
     6120.578930         0.995402 
     6120.588930         0.997567 
     6120.598930         1.001258 
     6120.608930         1.003908 
     6120.618929         1.004217 
     6120.628929         1.001566 
     6120.638929         0.998343 
     6120.648929         1.001342 
     6120.658929         1.006870 
     6120.668928         1.004086 
     6120.678928         1.001288 
     6120.688928         1.003788 
     6120.698928         1.006023 
     6120.708928         1.005061 
     6120.718927         0.999474 
     6120.728927         0.998137 
     6120.738927         1.006975 
     6120.748927         1.008569 
     6120.758927         1.001671 
     6120.768926         0.999955 
     6120.778926         1.000338 
     6120.788926         0.996505 
     6120.798926         0.995584 
     6120.808926         0.998371 
     6120.818925         0.999048 
     6120.828925         0.998023 
     6120.838925         0.996604 
     6120.848925         0.996861 
     6120.858925         0.998709 
     6120.868924         0.996823 
     6120.878924         0.995455 
     6120.888924         0.999541 
     6120.898924         1.001142 
     6120.908924         0.997333 
     6120.918923         0.994003 
     6120.928923         0.993251 
     6120.938923         0.993365 
     6120.948923         0.991178 
     6120.958923         0.984172 
     6120.968922         0.976212 
     6120.978922         0.971154 
     6120.988922         0.974202 
     6120.998922         0.976078 
     6121.008922         0.973173 
     6121.018922         0.974499 
     6121.028921         0.980490 
     6121.038921         0.983393 
     6121.048921         0.985691 
     6121.058921         0.989177 
     6121.068921         0.990891 
     6121.078920         0.991262 
     6121.088920         0.993197 
     6121.098920         0.997268 
     6121.108920         1.002947 
     6121.118920         1.005701 
     6121.128919         1.005410 
     6121.138919         1.006476 
     6121.148919         1.006871 
     6121.158919         1.004714 
     6121.168919         1.002508 
     6121.178918         1.001817 
     6121.188918         1.000782 
     6121.198918         1.000255 
     6121.208918         1.000842 
     6121.218918         0.998939 
     6121.228917         0.995679 
     6121.238917         0.999387 
     6121.248917         1.002963 
     6121.258917         0.998139 
     6121.268917         0.994616 
     6121.278916         0.996362 
     6121.288916         0.997074 
     6121.298916         0.996530 
     6121.308916         0.996853 
     6121.318916         0.999238 
     6121.328915         1.002574 
     6121.338915         1.001937 
     6121.348915         0.997656 
     6121.358915         0.994084 
     6121.368915         0.993777 
     6121.378914         0.996203 
     6121.388914         0.997231 
     6121.398914         0.997754 
     6121.408914         1.000681 
     6121.418914         1.001516 
     6121.428913         0.998579 
     6121.438913         0.998540 
     6121.448913         0.999916 
     6121.458913         0.997456 
     6121.468913         0.994060 
     6121.478912         0.992162 
     6121.488912         0.994854 
     6121.498912         0.998204 
     6121.508912         0.995160 
     6121.518912         0.991105 
     6121.528911         0.991246 
     6121.538911         0.993715 
     6121.548911         0.996061 
     6121.558911         0.996152 
     6121.568911         0.994080 
     6121.578910         0.992297 
     6121.588910         0.993141 
     6121.598910         0.996366 
     6121.608910         0.998440 
     6121.618910         0.996575 
     6121.628909         0.989080 
     6121.638909         0.985948 
     6121.648909         0.988608 
     6121.658909         0.990073 
     6121.668909         0.988917 
     6121.678908         0.984942 
     6121.688908         0.982883 
     6121.698908         0.983273 
     6121.708908         0.981054 
     6121.718908         0.977021 
     6121.728907         0.972769 
     6121.738907         0.968628 
     6121.748907         0.966130 
     6121.758907         0.967395 
     6121.768907         0.970041 
     6121.778906         0.971165 
     6121.788906         0.971285 
     6121.798906         0.970280 
     6121.808906         0.969554 
     6121.818906         0.967676 
     6121.828905         0.964505 
     6121.838905         0.963809 
     6121.848905         0.965611 
     6121.858905         0.962089 
     6121.868905         0.958539 
     6121.878904         0.961879 
     6121.888904         0.959124 
     6121.898904         0.947999 
     6121.908904         0.943284 
     6121.918904         0.941892 
     6121.928904         0.936474 
     6121.938903         0.929445 
     6121.948903         0.922208 
     6121.958903         0.918044 
     6121.968903         0.912536 
     6121.978903         0.900849 
     6121.988902         0.890839 
     6121.998902         0.884848 
     6122.008902         0.875032 
     6122.018902         0.862179 
     6122.028902         0.848961 
     6122.038901         0.834963 
     6122.048901         0.817622 
     6122.058901         0.795850 
     6122.068901         0.771039 
     6122.078901         0.747528 
     6122.088900         0.720232 
     6122.098900         0.687628 
     6122.108900         0.654212 
     6122.118900         0.617520 
     6122.128900         0.573014 
     6122.138899         0.528495 
     6122.148899         0.487536 
     6122.158899         0.440759 
     6122.168899         0.390161 
     6122.178899         0.344593 
     6122.188898         0.304039 
     6122.198898         0.269310 
     6122.208898         0.244474 
     6122.218898         0.230933 
     6122.228898         0.229598 
     6122.238897         0.238944 
     6122.248897         0.257147 
     6122.258897         0.285037 
     6122.268897         0.322673 
     6122.278897         0.369676 
     6122.288896         0.422208 
     6122.298896         0.475618 
     6122.308896         0.526446 
     6122.318896         0.574800 
     6122.328896         0.624179 
     6122.338895         0.668534 
     6122.348895         0.704348 
     6122.358895         0.735552 
     6122.368895         0.763943 
     6122.378895         0.790434 
     6122.388894         0.813336 
     6122.398894         0.832728 
     6122.408894         0.850108 
     6122.418894         0.866070 
     6122.428894         0.880814 
     6122.438893         0.891902 
     6122.448893         0.898308 
     6122.458893         0.903091 
     6122.468893         0.909515 
     6122.478893         0.921342 
     6122.488892         0.929032 
     6122.498892         0.926991 
     6122.508892         0.929195 
     6122.518892         0.936562 
     6122.528892         0.942205 
     6122.538891         0.944115 
     6122.548891         0.943605 
     6122.558891         0.946331 
     6122.568891         0.951681 
     6122.578891         0.953113 
     6122.588890         0.951954 
     6122.598890         0.948994 
     6122.608890         0.946603 
     6122.618890         0.946673 
     6122.628890         0.952924 
     6122.638889         0.957498 
     6122.648889         0.955762 
     6122.658889         0.956614 
     6122.668889         0.959862 
     6122.678889         0.960860 
     6122.688888         0.963070 
     6122.698888         0.970019 
     6122.708888         0.973135 
     6122.718888         0.974367 
     6122.728888         0.981273 
     6122.738887         0.985085 
     6122.748887         0.980443 
     6122.758887         0.982890 
     6122.768887         0.991635 
     6122.778887         0.993609 
     6122.788886         0.993561 
     6122.798886         0.994626 
     6122.808886         0.992915 
     6122.818886         0.989347 
     6122.828886         0.988794 
     6122.838886         0.993392 
     6122.848885         1.001986 
     6122.858885         1.001501 
     6122.868885         0.995344 
     6122.878885         0.998630 
     6122.888885         1.002404 
     6122.898884         0.999411 
     6122.908884         0.999514 
     6122.918884         1.002708 
     6122.928884         1.002750 
     6122.938884         1.002311 
     6122.948883         1.003844 
     6122.958883         1.004167 
     6122.968883         1.001280 
     6122.978883         0.994514 
     6122.988883         0.993070 
     6122.998882         1.001675 
     6123.008882         1.005295 
     6123.018882         1.003360 
     6123.028882         1.003372 
     6123.038882         1.002312 
     6123.048881         0.998679 
     6123.058881         0.999426 
     6123.068881         1.002878 
     6123.078881         1.001140 
     6123.088881         0.997640 
     6123.098880         0.996452 
     6123.108880         1.002246 
     6123.118880         1.008064 
     6123.128880         1.000592 
     6123.138880         0.995389 
     6123.148879         1.001688 
     6123.158879         1.002021 
     6123.168879         0.995882 
     6123.178879         0.989836 
     6123.188879         0.989241 
     6123.198878         0.994337 
     6123.208878         0.997809 
     6123.218878         0.998126 
     6123.228878         0.995807 
     6123.238878         0.995256 
     6123.248877         0.997905 
