     6095.249431         1.003328 
     6095.259431         0.999187 
     6095.269431         1.000255 
     6095.279431         1.000633 
     6095.289430         0.998461 
     6095.299430         0.997464 
     6095.309430         0.997751 
     6095.319430         0.995039 
     6095.329430         0.990382 
     6095.339429         0.987044 
     6095.349429         0.987218 
     6095.359429         0.992939 
     6095.369429         0.998308 
     6095.379429         0.996611 
     6095.389428         0.995084 
     6095.399428         0.999202 
     6095.409428         1.000311 
     6095.419428         0.994469 
     6095.429428         0.992413 
     6095.439427         0.996359 
     6095.449427         1.000673 
     6095.459427         1.002771 
     6095.469427         0.999404 
     6095.479427         0.994089 
     6095.489426         0.995840 
     6095.499426         1.001338 
     6095.509426         1.003717 
     6095.519426         1.001756 
     6095.529426         0.994913 
     6095.539426         0.990027 
     6095.549425         0.991843 
     6095.559425         0.993869 
     6095.569425         0.993028 
     6095.579425         0.993522 
     6095.589425         0.996840 
     6095.599424         1.002556 
     6095.609424         1.007217 
     6095.619424         1.000935 
     6095.629424         0.990247 
     6095.639424         0.992418 
     6095.649423         1.000512 
     6095.659423         1.001066 
     6095.669423         0.998148 
     6095.679423         0.997155 
     6095.689423         0.998250 
     6095.699422         1.000694 
     6095.709422         1.000622 
     6095.719422         0.997325 
     6095.729422         0.999168 
     6095.739422         1.005514 
     6095.749421         1.003912 
     6095.759421         0.996767 
     6095.769421         0.999171 
     6095.779421         1.006978 
     6095.789421         1.006600 
     6095.799420         1.002062 
     6095.809420         1.000293 
     6095.819420         0.999649 
     6095.829420         0.997808 
     6095.839420         0.997838 
     6095.849419         1.001560 
     6095.859419         1.004169 
     6095.869419         1.003322 
     6095.879419         0.999174 
     6095.889419         0.994500 
     6095.899418         0.998296 
     6095.909418         1.006530 
     6095.919418         1.003989 
     6095.929418         0.995434 
     6095.939418         0.993606 
     6095.949417         0.997405 
     6095.959417         1.003751 
     6095.969417         1.005415 
     6095.979417         0.997856 
     6095.989417         0.994434 
     6095.999416         1.002169 
     6096.009416         1.006468 
     6096.019416         1.002917 
     6096.029416         0.998710 
     6096.039416         0.996496 
     6096.049415         0.997101 
     6096.059415         0.998722 
     6096.069415         0.998660 
     6096.079415         0.996753 
     6096.089415         0.993808 
     6096.099414         0.991348 
     6096.109414         0.991205 
     6096.119414         0.992028 
     6096.129414         0.992537 
     6096.139414         0.993128 
     6096.149413         0.994161 
     6096.159413         0.996011 
     6096.169413         0.998761 
     6096.179413         1.000220 
     6096.189413         1.000860 
     6096.199412         1.002399 
     6096.209412         1.004538 
     6096.219412         1.005387 
     6096.229412         1.005269 
     6096.239412         1.004808 
     6096.249411         1.003102 
     6096.259411         0.999299 
     6096.269411         0.997693 
     6096.279411         1.000055 
     6096.289411         1.000164 
     6096.299410         0.996528 
     6096.309410         0.996423 
     6096.319410         1.000108 
     6096.329410         0.999197 
     6096.339410         0.995296 
     6096.349409         0.995573 
     6096.359409         0.998930 
     6096.369409         1.001216 
     6096.379409         1.002325 
     6096.389409         1.001739 
     6096.399408         1.001874 
     6096.409408         1.004163 
     6096.419408         1.004213 
     6096.429408         1.000407 
     6096.439408         0.998147 
     6096.449408         0.998394 
     6096.459407         0.996750 
     6096.469407         0.993567 
     6096.479407         0.993483 
     6096.489407         0.994320 
     6096.499407         0.990946 
     6096.509406         0.986560 
     6096.519406         0.986463 
     6096.529406         0.985788 
     6096.539406         0.979737 
     6096.549406         0.969671 
     6096.559405         0.956990 
     6096.569405         0.943360 
     6096.579405         0.928721 
     6096.589405         0.906945 
     6096.599405         0.877849 
     6096.609404         0.847363 
     6096.619404         0.818233 
     6096.629404         0.793291 
     6096.639404         0.770429 
     6096.649404         0.745890 
     6096.659403         0.727520 
     6096.669403         0.724058 
     6096.679403         0.731635 
     6096.689403         0.746944 
     6096.699403         0.767697 
     6096.709402         0.792998 
     6096.719402         0.823328 
     6096.729402         0.856369 
     6096.739402         0.883590 
     6096.749402         0.904079 
     6096.759401         0.921104 
     6096.769401         0.935377 
     6096.779401         0.947485 
     6096.789401         0.959055 
     6096.799401         0.971863 
     6096.809400         0.981014 
     6096.819400         0.982954 
     6096.829400         0.986892 
     6096.839400         0.996685 
     6096.849400         0.998884 
     6096.859399         0.991375 
     6096.869399         0.991233 
     6096.879399         0.998724 
     6096.889399         0.999249 
     6096.899399         0.994660 
     6096.909398         0.994060 
     6096.919398         0.996399 
     6096.929398         0.998448 
     6096.939398         1.000569 
     6096.949398         1.002818 
     6096.959397         1.000103 
     6096.969397         0.990469 
     6096.979397         0.988178 
     6096.989397         0.996390 
     6096.999397         0.996584 
     6097.009396         0.987241 
     6097.019396         0.983081 
     6097.029396         0.984103 
     6097.039396         0.983041 
     6097.049396         0.980483 
     6097.059395         0.979168 
     6097.069395         0.979097 
     6097.079395         0.978853 
     6097.089395         0.980614 
     6097.099395         0.985335 
     6097.109394         0.986679 
     6097.119394         0.983108 
     6097.129394         0.983302 
     6097.139394         0.988136 
     6097.149394         0.988230 
     6097.159393         0.985224 
     6097.169393         0.988073 
     6097.179393         0.992584 
     6097.189393         0.989523 
     6097.199393         0.984283 
     6097.209392         0.983802 
     6097.219392         0.982831 
     6097.229392         0.977026 
     6097.239392         0.972305 
     6097.249392         0.971487 
     6097.259391         0.972758 
     6097.269391         0.974840 
     6097.279391         0.973828 
     6097.289391         0.971853 
     6097.299391         0.976489 
     6097.309390         0.983976 
     6097.319390         0.985212 
     6097.329390         0.983603 
     6097.339390         0.984606 
     6097.349390         0.987282 
     6097.359390         0.990375 
     6097.369389         0.994266 
     6097.379389         0.998592 
     6097.389389         0.997297 
     6097.399389         0.990689 
     6097.409389         0.989637 
     6097.419388         0.993211 
     6097.429388         0.992346 
     6097.439388         0.988586 
     6097.449388         0.987214 
     6097.459388         0.987484 
     6097.469387         0.987548 
     6097.479387         0.988971 
     6097.489387         0.992952 
     6097.499387         0.995804 
     6097.509387         0.995666 
     6097.519386         0.995235 
     6097.529386         0.995831 
     6097.539386         0.998955 
     6097.549386         1.002174 
     6097.559386         0.997056 
     6097.569385         0.990439 
     6097.579385         0.997539 
     6097.589385         1.007532 
     6097.599385         1.004064 
     6097.609385         0.996022 
     6097.619384         0.992724 
     6097.629384         0.994000 
     6097.639384         0.998951 
     6097.649384         1.000039 
     6097.659384         0.996466 
     6097.669383         0.996393 
     6097.679383         0.999727 
     6097.689383         0.999207 
     6097.699383         0.995942 
     6097.709383         0.994468 
     6097.719382         0.994952 
     6097.729382         0.996703 
     6097.739382         0.997784 
     6097.749382         0.997194 
     6097.759382         0.996675 
     6097.769381         0.997648 
     6097.779381         0.999989 
     6097.789381         1.002732 
     6097.799381         1.000578 
     6097.809381         0.995203 
     6097.819380         0.994666 
     6097.829380         0.997908 
     6097.839380         0.999133 
     6097.849380         1.000034 
     6097.859380         1.003141 
     6097.869379         1.004909 
     6097.879379         1.002638 
     6097.889379         1.000378 
     6097.899379         1.000199 
     6097.909379         0.997405 
     6097.919378         0.992114 
     6097.929378         0.994210 
     6097.939378         1.002424 
     6097.949378         1.004620 
     6097.959378         1.001804 
     6097.969377         0.999658 
     6097.979377         0.998870 
     6097.989377         0.999135 
     6097.999377         1.000773 
     6098.009377         1.003614 
     6098.019376         1.004936 
     6098.029376         1.003540 
     6098.039376         1.004681 
     6098.049376         1.007246 
     6098.059376         1.002547 
     6098.069375         0.993770 
     6098.079375         0.995308 
     6098.089375         1.002736 
     6098.099375         1.003684 
     6098.109375         1.000421 
     6098.119374         0.997417 
     6098.129374         0.991356 
     6098.139374         0.980694 
     6098.149374         0.975282 
     6098.159374         0.978172 
     6098.169373         0.969496 
     6098.179373         0.947081 
     6098.189373         0.930534 
     6098.199373         0.921323 
     6098.209373         0.909704 
     6098.219372         0.896626 
     6098.229372         0.885870 
     6098.239372         0.878678 
     6098.249372         0.876066 
     6098.259372         0.876416 
     6098.269372         0.879525 
     6098.279371         0.891336 
     6098.289371         0.912114 
     6098.299371         0.925934 
     6098.309371         0.930681 
     6098.319371         0.939245 
     6098.329370         0.952621 
     6098.339370         0.964711 
     6098.349370         0.974166 
     6098.359370         0.979119 
     6098.369370         0.980682 
     6098.379369         0.980649 
     6098.389369         0.982414 
     6098.399369         0.987918 
     6098.409369         0.991364 
     6098.419369         0.990806 
     6098.429368         0.989828 
     6098.439368         0.989784 
     6098.449368         0.988891 
     6098.459368         0.989271 
     6098.469368         0.995046 
     6098.479367         0.999475 
     6098.489367         0.992277 
     6098.499367         0.986358 
     6098.509367         0.994137 
     6098.519367         1.001165 
     6098.529366         0.998641 
     6098.539366         0.995337 
     6098.549366         0.994343 
     6098.559366         0.991581 
     6098.569366         0.987194 
     6098.579365         0.983838 
     6098.589365         0.981511 
     6098.599365         0.978655 
     6098.609365         0.975017 
     6098.619365         0.969725 
     6098.629364         0.965338 
     6098.639364         0.963930 
     6098.649364         0.961857 
     6098.659364         0.957764 
     6098.669364         0.957185 
     6098.679363         0.960924 
     6098.689363         0.962338 
     6098.699363         0.962695 
     6098.709363         0.969319 
     6098.719363         0.978381 
     6098.729362         0.981369 
     6098.739362         0.982478 
     6098.749362         0.987033 
     6098.759362         0.991340 
     6098.769362         0.993073 
     6098.779361         0.994506 
     6098.789361         0.996787 
     6098.799361         0.998640 
     6098.809361         0.999931 
     6098.819361         1.002359 
     6098.829360         1.004234 
     6098.839360         1.000981 
     6098.849360         0.996336 
     6098.859360         0.995833 
     6098.869360         0.995691 
     6098.879359         0.992404 
     6098.889359         0.991482 
     6098.899359         0.996211 
     6098.909359         0.997002 
     6098.919359         0.992194 
     6098.929358         0.992449 
     6098.939358         0.997349 
     6098.949358         0.995923 
     6098.959358         0.991845 
     6098.969358         0.995001 
     6098.979357         0.999915 
     6098.989357         0.998431 
     6098.999357         0.996303 
     6099.009357         0.998744 
     6099.019357         1.003028 
     6099.029356         1.006912 
     6099.039356         1.005145 
     6099.049356         0.998546 
     6099.059356         0.996713 
     6099.069356         0.998690 
     6099.079355         0.996869 
     6099.089355         0.993793 
     6099.099355         0.994432 
     6099.109355         0.997333 
     6099.119355         0.999816 
     6099.129354         1.000946 
     6099.139354         1.000256 
     6099.149354         0.996142 
     6099.159354         0.990157 
     6099.169354         0.989567 
     6099.179354         0.994387 
     6099.189353         0.996273 
     6099.199353         0.996323 
     6099.209353         0.999160 
     6099.219353         1.003034 
     6099.229353         1.004556 
     6099.239352         1.002937 
     6099.249352         0.998659 
     6099.259352         0.998389 
     6099.269352         1.004151 
     6099.279352         1.006511 
     6099.289351         1.003414 
     6099.299351         1.002179 
     6099.309351         1.002975 
     6099.319351         1.002690 
     6099.329351         1.001320 
     6099.339350         0.999843 
     6099.349350         0.997304 
     6099.359350         0.993081 
     6099.369350         0.992411 
     6099.379350         0.997645 
     6099.389349         1.001355 
     6099.399349         1.000672 
     6099.409349         0.998027 
     6099.419349         0.995451 
     6099.429349         0.996500 
     6099.439348         0.998914 
     6099.449348         0.996162 
     6099.459348         0.993182 
     6099.469348         0.996306 
     6099.479348         1.000426 
     6099.489347         1.001153 
     6099.499347         1.000476 
     6099.509347         0.999644 
     6099.519347         1.000626 
     6099.529347         1.002758 
     6099.539346         1.000579 
     6099.549346         0.995571 
     6099.559346         0.993740 
     6099.569346         0.994256 
     6099.579346         0.994777 
     6099.589345         0.994823 
     6099.599345         0.994264 
     6099.609345         0.994875 
     6099.619345         0.997725 
     6099.629345         1.001512 
     6099.639344         1.004836 
     6099.649344         1.003358 
     6099.659344         0.998505 
     6099.669344         0.996172 
     6099.679344         0.998302 
     6099.689343         1.005175 
     6099.699343         1.009214 
     6099.709343         1.002081 
     6099.719343         0.996603 
     6099.729343         1.002163 
     6099.739342         1.005954 
     6099.749342         1.003514 
     6099.759342         1.000274 
     6099.769342         0.998482 
     6099.779342         0.998529 
     6099.789341         1.000247 
     6099.799341         1.002404 
     6099.809341         1.004155 
     6099.819341         1.004030 
     6099.829341         1.004110 
     6099.839340         1.005539 
     6099.849340         1.006999 
     6099.859340         1.007488 
     6099.869340         1.005907 
     6099.879340         1.003033 
     6099.889339         1.002508 
     6099.899339         1.004465 
     6099.909339         1.006813 
     6099.919339         1.007859 
     6099.929339         1.005444 
     6099.939338         1.001407 
     6099.949338         0.998076 
     6099.959338         0.998570 
     6099.969338         1.004115 
     6099.979338         1.006041 
     6099.989337         1.002530 
     6099.999337         1.000247 
     6100.009337         1.000073 
     6100.019337         0.999780 
     6100.029337         0.998816 
     6100.039336         0.997334 
     6100.049336         0.996304 
     6100.059336         0.997226 
     6100.069336         0.996767 
     6100.079336         0.993556 
     6100.089336         0.994441 
     6100.099335         1.000256 
     6100.109335         0.999852 
     6100.119335         0.993293 
     6100.129335         0.989946 
     6100.139335         0.989608 
     6100.149334         0.988486 
     6100.159334         0.987500 
     6100.169334         0.988694 
     6100.179334         0.988566 
     6100.189334         0.984591 
     6100.199333         0.978636 
     6100.209333         0.972087 
     6100.219333         0.968374 
     6100.229333         0.965931 
     6100.239333         0.955862 
     6100.249332         0.942494 
     6100.259332         0.938031 
     6100.269332         0.939085 
     6100.279332         0.938919 
     6100.289332         0.939555 
     6100.299331         0.943260 
     6100.309331         0.949792 
     6100.319331         0.958167 
     6100.329331         0.960962 
     6100.339331         0.958716 
     6100.349330         0.962608 
     6100.359330         0.973084 
     6100.369330         0.984468 
     6100.379330         0.992185 
     6100.389330         0.992231 
     6100.399329         0.988864 
     6100.409329         0.987311 
     6100.419329         0.989682 
     6100.429329         0.996454 
     6100.439329         0.998696 
     6100.449328         0.994713 
     6100.459328         0.990817 
     6100.469328         0.990302 
     6100.479328         0.997024 
     6100.489328         1.002718 
     6100.499327         0.994124 
     6100.509327         0.985707 
     6100.519327         0.991490 
     6100.529327         0.996816 
     6100.539327         0.992966 
     6100.549326         0.989175 
     6100.559326         0.989692 
     6100.569326         0.993370 
     6100.579326         0.998252 
     6100.589326         0.999411 
     6100.599325         0.997916 
     6100.609325         0.996600 
     6100.619325         0.995119 
     6100.629325         0.993031 
     6100.639325         0.993074 
     6100.649324         0.996292 
     6100.659324         0.995813 
     6100.669324         0.990889 
     6100.679324         0.990831 
     6100.689324         0.994838 
     6100.699323         0.993727 
     6100.709323         0.991211 
     6100.719323         0.995032 
     6100.729323         1.000529 
     6100.739323         1.001957 
     6100.749322         0.999482 
     6100.759322         0.994491 
     6100.769322         0.993435 
     6100.779322         0.997356 
     6100.789322         0.998835 
     6100.799321         0.997482 
     6100.809321         0.997434 
     6100.819321         0.999034 
     6100.829321         1.001464 
     6100.839321         1.003157 
     6100.849320         1.002563 
     6100.859320         0.999794 
     6100.869320         0.995955 
     6100.879320         0.997359 
     6100.889320         1.004897 
     6100.899319         1.006527 
     6100.909319         1.001481 
     6100.919319         0.997479 
     6100.929319         0.995007 
     6100.939319         0.992816 
     6100.949318         0.990323 
     6100.959318         0.987513 
     6100.969318         0.988143 
     6100.979318         0.994274 
     6100.989318         0.998477 
     6100.999318         0.998830 
     6101.009317         1.000046 
     6101.019317         1.002040 
     6101.029317         0.999691 
     6101.039317         0.995714 
     6101.049317         0.996120 
     6101.059316         0.997752 
     6101.069316         0.997765 
     6101.079316         0.999875 
     6101.089316         1.005456 
     6101.099316         1.005893 
     6101.109315         0.999469 
     6101.119315         0.998759 
     6101.129315         1.003348 
     6101.139315         1.001649 
     6101.149315         0.996979 
     6101.159314         0.998825 
     6101.169314         1.001861 
     6101.179314         1.000146 
     6101.189314         0.997648 
     6101.199314         0.997545 
     6101.209313         0.998385 
     6101.219313         0.999414 
     6101.229313         0.999677 
     6101.239313         0.999053 
     6101.249313         0.997900 
