     5148.908151         0.971257 
     5148.918150         0.984921 
     5148.928150         0.995622 
     5148.938150         0.996107 
     5148.948150         0.997090 
     5148.958150         1.004609 
     5148.968149         1.006243 
     5148.978149         1.003773 
     5148.988149         0.998782 
     5148.998149         0.991045 
     5149.008149         0.977746 
     5149.018148         0.970576 
     5149.028148         0.963808 
     5149.038148         0.944675 
     5149.048148         0.931325 
     5149.058148         0.918516 
     5149.068147         0.901272 
     5149.078147         0.886210 
     5149.088147         0.877785 
     5149.098147         0.877760 
     5149.108147         0.882274 
     5149.118146         0.885610 
     5149.128146         0.892982 
     5149.138146         0.901297 
     5149.148146         0.903388 
     5149.158146         0.903721 
     5149.168145         0.907161 
     5149.178145         0.915353 
     5149.188145         0.923340 
     5149.198145         0.926426 
     5149.208145         0.930084 
     5149.218144         0.938455 
     5149.228144         0.945672 
     5149.238144         0.951108 
     5149.248144         0.959660 
     5149.258144         0.973488 
     5149.268143         0.979415 
     5149.278143         0.978865 
     5149.288143         0.977816 
     5149.298143         0.979603 
     5149.308143         0.978834 
     5149.318142         0.976649 
     5149.328142         0.976815 
     5149.338142         0.981494 
     5149.348142         0.979724 
     5149.358142         0.980675 
     5149.368142         0.990233 
     5149.378141         0.992434 
     5149.388141         0.988557 
     5149.398141         0.985577 
     5149.408141         0.987322 
     5149.418141         0.983549 
     5149.428140         0.981069 
     5149.438140         0.978937 
     5149.448140         0.972138 
     5149.458140         0.977053 
     5149.468140         0.975708 
     5149.478139         0.963391 
     5149.488139         0.961987 
     5149.498139         0.959689 
     5149.508139         0.958793 
     5149.518139         0.964109 
     5149.528138         0.969443 
     5149.538138         0.970391 
     5149.548138         0.972184 
     5149.558138         0.979761 
     5149.568138         0.983202 
     5149.578137         0.983405 
     5149.588137         0.986274 
     5149.598137         0.995765 
     5149.608137         1.000368 
     5149.618137         1.000602 
     5149.628136         1.003461 
     5149.638136         1.010937 
     5149.648136         1.006084 
     5149.658136         1.002711 
     5149.668136         1.012036 
     5149.678135         1.005563 
     5149.688135         1.002624 
     5149.698135         1.002948 
     5149.708135         0.994371 
     5149.718135         0.989379 
     5149.728134         0.987776 
     5149.738134         0.982693 
     5149.748134         0.968867 
     5149.758134         0.952822 
     5149.768134         0.939675 
     5149.778133         0.931197 
     5149.788133         0.924999 
     5149.798133         0.924786 
     5149.808133         0.930348 
     5149.818133         0.937279 
     5149.828132         0.943335 
     5149.838132         0.947498 
     5149.848132         0.952845 
     5149.858132         0.961516 
     5149.868132         0.972869 
     5149.878131         0.979785 
     5149.888131         0.982189 
     5149.898131         0.987456 
     5149.908131         0.987322 
     5149.918131         0.991741 
     5149.928130         1.001852 
     5149.938130         1.001362 
     5149.948130         1.000980 
     5149.958130         0.998323 
     5149.968130         0.992076 
     5149.978129         0.997817 
     5149.988129         0.993144 
     5149.998129         0.985443 
     5150.008129         0.990374 
     5150.018129         0.986971 
     5150.028128         0.986658 
     5150.038128         0.987041 
     5150.048128         0.974569 
     5150.058128         0.975541 
     5150.068128         0.974463 
     5150.078127         0.963499 
     5150.088127         0.955961 
     5150.098127         0.944772 
     5150.108127         0.936444 
     5150.118127         0.932289 
     5150.128126         0.915665 
     5150.138126         0.897554 
     5150.148126         0.881417 
     5150.158126         0.866795 
     5150.168126         0.858213 
     5150.178125         0.845693 
     5150.188125         0.837423 
     5150.198125         0.847076 
     5150.208125         0.854745 
     5150.218125         0.863855 
     5150.228124         0.880582 
     5150.238124         0.903984 
     5150.248124         0.924865 
     5150.258124         0.937350 
     5150.268124         0.942622 
     5150.278124         0.949250 
     5150.288123         0.959927 
     5150.298123         0.966266 
     5150.308123         0.963920 
     5150.318123         0.965904 
     5150.328123         0.972355 
     5150.338122         0.976355 
     5150.348122         0.975341 
     5150.358122         0.978384 
     5150.368122         0.981064 
     5150.378122         0.985371 
     5150.388121         0.995772 
     5150.398121         0.993107 
     5150.408121         0.993792 
     5150.418121         0.999848 
     5150.428121         0.993376 
     5150.438120         0.993525 
     5150.448120         0.994714 
     5150.458120         0.988667 
     5150.468120         0.989004 
     5150.478120         0.980285 
     5150.488119         0.967650 
     5150.498119         0.958026 
     5150.508119         0.940521 
     5150.518119         0.923660 
     5150.528119         0.911184 
     5150.538118         0.901073 
     5150.548118         0.892937 
     5150.558118         0.884091 
     5150.568118         0.882686 
     5150.578118         0.897851 
     5150.588117         0.906274 
     5150.598117         0.910412 
     5150.608117         0.916075 
     5150.618117         0.921063 
     5150.628117         0.917095 
     5150.638116         0.914635 
     5150.648116         0.918071 
     5150.658116         0.911684 
     5150.668116         0.907460 
     5150.678116         0.909536 
     5150.688115         0.914093 
     5150.698115         0.911334 
     5150.708115         0.908224 
     5150.718115         0.906455 
     5150.728115         0.899702 
     5150.738114         0.873445 
     5150.748114         0.840018 
     5150.758114         0.797741 
     5150.768114         0.735843 
     5150.778114         0.664801 
     5150.788113         0.584050 
     5150.798113         0.499811 
     5150.808113         0.426385 
     5150.818113         0.358981 
     5150.828113         0.305325 
     5150.838112         0.273293 
     5150.848112         0.259590 
     5150.858112         0.263019 
     5150.868112         0.285721 
     5150.878112         0.327110 
     5150.888111         0.378366 
     5150.898111         0.436213 
     5150.908111         0.490009 
     5150.918111         0.535380 
     5150.928111         0.591300 
     5150.938110         0.643663 
     5150.948110         0.689867 
     5150.958110         0.736063 
     5150.968110         0.780728 
     5150.978110         0.831336 
     5150.988109         0.877514 
     5150.998109         0.901705 
     5151.008109         0.930852 
     5151.018109         0.952832 
     5151.028109         0.962757 
     5151.038108         0.976644 
     5151.048108         0.985466 
     5151.058108         0.993341 
     5151.068108         0.999219 
     5151.078108         0.991872 
     5151.088107         0.995853 
     5151.098107         0.995067 
     5151.108107         0.979717 
     5151.118107         0.983112 
     5151.128107         0.981835 
     5151.138106         0.975416 
     5151.148106         0.973865 
     5151.158106         0.967622 
     5151.168106         0.967014 
     5151.178106         0.968112 
     5151.188106         0.964581 
     5151.198105         0.976294 
     5151.208105         0.978613 
     5151.218105         0.974966 
     5151.228105         0.988459 
     5151.238105         0.992626 
     5151.248104         0.995650 
     5151.258104         0.999388 
     5151.268104         0.993487 
     5151.278104         0.996984 
     5151.288104         1.004828 
     5151.298103         1.003742 
     5151.308103         0.992401 
     5151.318103         1.000753 
     5151.328103         1.006431 
     5151.338103         0.994807 
     5151.348102         0.998760 
     5151.358102         0.994243 
     5151.368102         0.989624 
     5151.378102         0.995626 
     5151.388102         0.992713 
     5151.398101         0.987695 
     5151.408101         0.985931 
     5151.418101         0.984561 
     5151.428101         0.972296 
     5151.438101         0.973990 
     5151.448100         0.983715 
     5151.458100         0.980322 
     5151.468100         0.975904 
     5151.478100         0.977359 
     5151.488100         0.985306 
     5151.498099         0.993112 
     5151.508099         0.983536 
     5151.518099         0.975485 
     5151.528099         0.981187 
     5151.538099         0.990360 
     5151.548098         0.985588 
     5151.558098         0.983768 
     5151.568098         0.989366 
     5151.578098         0.985130 
     5151.588098         0.984043 
     5151.598097         0.987652 
     5151.608097         0.990575 
     5151.618097         0.990075 
     5151.628097         0.990549 
     5151.638097         0.991771 
     5151.648096         0.992677 
     5151.658096         0.993874 
     5151.668096         0.995170 
     5151.678096         0.993382 
     5151.688096         0.988032 
     5151.698095         0.987296 
     5151.708095         0.984520 
     5151.718095         0.979510 
     5151.728095         0.976625 
     5151.738095         0.972354 
     5151.748094         0.953325 
     5151.758094         0.931187 
     5151.768094         0.923972 
     5151.778094         0.901771 
     5151.788094         0.877641 
     5151.798093         0.855405 
     5151.808093         0.824218 
     5151.818093         0.789008 
     5151.828093         0.741281 
     5151.838093         0.683169 
     5151.848092         0.628993 
     5151.858092         0.564543 
     5151.868092         0.492906 
     5151.878092         0.425193 
     5151.888092         0.369753 
     5151.898091         0.321295 
     5151.908091         0.289957 
     5151.918091         0.284951 
     5151.928091         0.301769 
     5151.938091         0.337541 
     5151.948090         0.392527 
     5151.958090         0.466605 
     5151.968090         0.552491 
     5151.978090         0.636926 
     5151.988090         0.714921 
     5151.998089         0.784606 
     5152.008089         0.842263 
     5152.018089         0.888680 
     5152.028089         0.924811 
     5152.038089         0.950274 
     5152.048088         0.966547 
     5152.058088         0.977349 
     5152.068088         0.981546 
     5152.078088         0.978558 
     5152.088088         0.974674 
     5152.098088         0.962382 
     5152.108087         0.945617 
     5152.118087         0.927468 
     5152.128087         0.883555 
     5152.138087         0.836298 
     5152.148087         0.788078 
     5152.158086         0.729197 
     5152.168086         0.685835 
     5152.178086         0.659068 
     5152.188086         0.650360 
     5152.198086         0.664917 
     5152.208085         0.692901 
     5152.218085         0.738060 
     5152.228085         0.790091 
     5152.238085         0.830341 
     5152.248085         0.871329 
     5152.258084         0.914507 
     5152.268084         0.948675 
     5152.278084         0.964287 
     5152.288084         0.982932 
     5152.298084         0.993377 
     5152.308083         0.990860 
     5152.318083         0.993736 
     5152.328083         1.002132 
     5152.338083         1.005757 
     5152.348083         1.001534 
     5152.358082         0.999484 
     5152.368082         0.999028 
     5152.378082         0.998214 
     5152.388082         0.999804 
     5152.398082         1.010954 
     5152.408081         1.003099 
     5152.418081         0.990620 
     5152.428081         0.993627 
     5152.438081         1.002926 
     5152.448081         0.997912 
     5152.458080         0.991490 
     5152.468080         0.994445 
     5152.478080         0.988018 
     5152.488080         0.986846 
     5152.498080         0.987580 
     5152.508079         0.984914 
     5152.518079         0.993179 
     5152.528079         0.995880 
     5152.538079         0.987926 
     5152.548079         0.979414 
     5152.558078         0.987172 
     5152.568078         0.991560 
     5152.578078         0.992639 
     5152.588078         0.998079 
     5152.598078         0.995402 
     5152.608077         0.991733 
     5152.618077         0.992260 
     5152.628077         0.996144 
     5152.638077         0.999987 
     5152.648077         1.000645 
     5152.658076         0.996023 
     5152.668076         0.992592 
     5152.678076         1.002791 
     5152.688076         0.998967 
     5152.698076         0.991291 
     5152.708075         1.005288 
     5152.718075         1.002366 
     5152.728075         0.998308 
     5152.738075         1.004339 
     5152.748075         1.012754 
     5152.758074         1.008616 
     5152.768074         1.006449 
     5152.778074         1.007941 
     5152.788074         1.004054 
     5152.798074         1.005486 
     5152.808073         1.009962 
     5152.818073         1.010799 
     5152.828073         1.006507 
     5152.838073         1.008411 
     5152.848073         1.007758 
     5152.858072         1.000491 
     5152.868072         0.994566 
     5152.878072         1.000273 
     5152.888072         1.000410 
     5152.898072         0.992624 
     5152.908071         0.992593 
     5152.918071         0.988620 
     5152.928071         0.980361 
     5152.938071         0.976394 
     5152.948071         0.979708 
     5152.958070         0.973464 
     5152.968070         0.974666 
     5152.978070         0.985542 
     5152.988070         0.986789 
     5152.998070         0.979592 
     5153.008070         0.977394 
     5153.018069         0.982913 
     5153.028069         0.982787 
     5153.038069         0.972716 
     5153.048069         0.964026 
     5153.058069         0.962422 
     5153.068068         0.959484 
     5153.078068         0.950438 
     5153.088068         0.938418 
     5153.098068         0.927622 
     5153.108068         0.917286 
     5153.118067         0.895840 
     5153.128067         0.876239 
     5153.138067         0.862282 
     5153.148067         0.838665 
     5153.158067         0.815275 
     5153.168066         0.790251 
     5153.178066         0.762196 
     5153.188066         0.734322 
     5153.198066         0.699280 
     5153.208066         0.665931 
     5153.218065         0.641314 
     5153.228065         0.624346 
     5153.238065         0.618354 
     5153.248065         0.621948 
     5153.258065         0.637829 
     5153.268064         0.670687 
     5153.278064         0.701756 
     5153.288064         0.735016 
     5153.298064         0.771338 
     5153.308064         0.795304 
     5153.318063         0.816601 
     5153.328063         0.833440 
     5153.338063         0.842080 
     5153.348063         0.841677 
     5153.358063         0.836104 
     5153.368062         0.823103 
     5153.378062         0.804927 
     5153.388062         0.790196 
     5153.398062         0.783444 
     5153.408062         0.788533 
     5153.418061         0.798348 
     5153.428061         0.799272 
     5153.438061         0.802760 
     5153.448061         0.811466 
     5153.458061         0.818207 
     5153.468060         0.818544 
     5153.478060         0.823270 
     5153.488060         0.829107 
     5153.498060         0.836784 
     5153.508060         0.854104 
     5153.518059         0.866929 
     5153.528059         0.881633 
     5153.538059         0.904209 
     5153.548059         0.926948 
     5153.558059         0.944109 
     5153.568058         0.956601 
     5153.578058         0.968797 
     5153.588058         0.982599 
     5153.598058         0.980576 
     5153.608058         0.978121 
     5153.618057         0.978116 
     5153.628057         0.965535 
     5153.638057         0.970422 
     5153.648057         0.969440 
     5153.658057         0.957320 
     5153.668056         0.961642 
     5153.678056         0.966601 
     5153.688056         0.967348 
     5153.698056         0.967401 
     5153.708056         0.970119 
     5153.718055         0.973846 
     5153.728055         0.976246 
     5153.738055         0.978852 
     5153.748055         0.984209 
     5153.758055         0.983156 
     5153.768054         0.979702 
     5153.778054         0.980171 
     5153.788054         0.986042 
     5153.798054         0.986591 
     5153.808054         0.982737 
     5153.818053         0.981454 
     5153.828053         0.987061 
     5153.838053         0.990487 
     5153.848053         0.985416 
     5153.858053         0.978641 
     5153.868052         0.981808 
     5153.878052         0.982973 
     5153.888052         0.984553 
     5153.898052         0.984363 
     5153.908052         0.977057 
     5153.918052         0.971189 
     5153.928051         0.962648 
     5153.938051         0.947413 
     5153.948051         0.925882 
     5153.958051         0.907926 
     5153.968051         0.896136 
     5153.978050         0.877973 
     5153.988050         0.839097 
     5153.998050         0.792475 
     5154.008050         0.746084 
     5154.018050         0.692650 
     5154.028049         0.627316 
     5154.038049         0.574941 
     5154.048049         0.525230 
     5154.058049         0.480678 
     5154.068049         0.455437 
     5154.078048         0.451083 
     5154.088048         0.470995 
     5154.098048         0.509676 
     5154.108048         0.560442 
     5154.118048         0.623915 
     5154.128047         0.691058 
     5154.138047         0.751565 
     5154.148047         0.801404 
     5154.158047         0.847824 
     5154.168047         0.888313 
     5154.178046         0.916124 
     5154.188046         0.931923 
     5154.198046         0.948332 
     5154.208046         0.956909 
     5154.218046         0.959787 
     5154.228045         0.960192 
     5154.238045         0.949412 
     5154.248045         0.946031 
     5154.258045         0.941698 
     5154.268045         0.929566 
     5154.278044         0.926776 
     5154.288044         0.912764 
     5154.298044         0.901827 
     5154.308044         0.900528 
     5154.318044         0.885785 
     5154.328043         0.878830 
     5154.338043         0.871854 
     5154.348043         0.858520 
     5154.358043         0.851422 
     5154.368043         0.838151 
     5154.378042         0.830131 
     5154.388042         0.829277 
     5154.398042         0.819496 
     5154.408042         0.813708 
     5154.418042         0.818635 
     5154.428041         0.830758 
     5154.438041         0.841889 
     5154.448041         0.854565 
     5154.458041         0.873439 
     5154.468041         0.895105 
     5154.478040         0.912478 
     5154.488040         0.930779 
     5154.498040         0.943621 
     5154.508040         0.955488 
     5154.518040         0.973518 
     5154.528039         0.978698 
     5154.538039         0.984975 
     5154.548039         0.995033 
     5154.558039         0.998359 
     5154.568039         1.000444 
     5154.578038         0.995023 
     5154.588038         0.991268 
     5154.598038         0.998210 
     5154.608038         1.000449 
     5154.618038         0.999663 
     5154.628037         1.000011 
     5154.638037         1.002651 
     5154.648037         1.004003 
     5154.658037         1.001976 
     5154.668037         0.995105 
     5154.678036         0.987605 
     5154.688036         0.992022 
     5154.698036         1.000061 
     5154.708036         0.996676 
     5154.718036         0.988004 
     5154.728035         1.001234 
     5154.738035         0.996006 
     5154.748035         0.990637 
     5154.758035         1.001844 
     5154.768035         1.005408 
     5154.778034         1.000625 
     5154.788034         0.998307 
     5154.798034         0.999317 
     5154.808034         0.996789 
     5154.818034         0.997674 
     5154.828034         0.996277 
     5154.838033         0.991973 
     5154.848033         0.994214 
     5154.858033         1.000259 
     5154.868033         0.997191 
     5154.878033         0.991716 
     5154.888032         0.998795 
     5154.898032         0.991421 
     5154.908032         0.994486 
