     5220.186741         0.955929 
     5220.196740         0.946246 
     5220.206740         0.936067 
     5220.216740         0.925403 
     5220.226740         0.910986 
     5220.236740         0.886315 
     5220.246739         0.854715 
     5220.256739         0.822696 
     5220.266739         0.797858 
     5220.276739         0.777938 
     5220.286739         0.763335 
     5220.296738         0.763559 
     5220.306738         0.772583 
     5220.316738         0.786405 
     5220.326738         0.815513 
     5220.336738         0.850350 
     5220.346737         0.878609 
     5220.356737         0.899944 
     5220.366737         0.921704 
     5220.376737         0.948721 
     5220.386737         0.963008 
     5220.396737         0.971471 
     5220.406736         0.987104 
     5220.416736         0.991905 
     5220.426736         0.988170 
     5220.436736         0.989479 
     5220.446736         0.995722 
     5220.456735         1.000964 
     5220.466735         0.997157 
     5220.476735         0.998568 
     5220.486735         1.004901 
     5220.496735         1.003384 
     5220.506734         1.001553 
     5220.516734         1.001024 
     5220.526734         0.996094 
     5220.536734         0.997508 
     5220.546734         1.005065 
     5220.556733         1.001746 
     5220.566733         0.997274 
     5220.576733         0.999217 
     5220.586733         1.003146 
     5220.596733         1.001282 
     5220.606732         0.993694 
     5220.616732         0.997988 
     5220.626732         1.004340 
     5220.636732         1.002466 
     5220.646732         0.997430 
     5220.656731         0.994206 
     5220.666731         0.995453 
     5220.676731         0.999481 
     5220.686731         0.998334 
     5220.696731         0.988892 
     5220.706730         0.995287 
     5220.716730         1.004481 
     5220.726730         0.995925 
     5220.736730         0.996898 
     5220.746730         1.001898 
     5220.756729         0.993181 
     5220.766729         0.990492 
     5220.776729         0.995483 
     5220.786729         0.996640 
     5220.796729         0.987771 
     5220.806728         0.975524 
     5220.816728         0.973913 
     5220.826728         0.970890 
     5220.836728         0.959065 
     5220.846728         0.938685 
     5220.856727         0.921492 
     5220.866727         0.912228 
     5220.876727         0.904601 
     5220.886727         0.898227 
     5220.896727         0.894528 
     5220.906726         0.897603 
     5220.916726         0.904947 
     5220.926726         0.914771 
     5220.936726         0.925077 
     5220.946726         0.929868 
     5220.956725         0.926053 
     5220.966725         0.918773 
     5220.976725         0.907325 
     5220.986725         0.890564 
     5220.996725         0.870710 
     5221.006724         0.851064 
     5221.016724         0.833118 
     5221.026724         0.811971 
     5221.036724         0.800670 
     5221.046724         0.810632 
     5221.056723         0.827032 
     5221.066723         0.846153 
     5221.076723         0.870146 
     5221.086723         0.894989 
     5221.096723         0.918422 
     5221.106722         0.938749 
     5221.116722         0.958747 
     5221.126722         0.973786 
     5221.136722         0.978211 
     5221.146722         0.984921 
     5221.156721         0.993820 
     5221.166721         0.996969 
     5221.176721         0.996196 
     5221.186721         0.994611 
     5221.196721         0.995201 
     5221.206720         0.998230 
     5221.216720         0.999823 
     5221.226720         0.994074 
     5221.236720         0.994791 
     5221.246720         1.002260 
     5221.256719         1.000782 
     5221.266719         0.998800 
     5221.276719         1.001129 
     5221.286719         1.005775 
     5221.296719         1.008676 
     5221.306719         1.006596 
     5221.316718         0.997731 
     5221.326718         0.993653 
     5221.336718         0.998198 
     5221.346718         0.997209 
     5221.356718         0.996803 
     5221.366717         0.998792 
     5221.376717         0.989693 
     5221.386717         0.984795 
     5221.396717         0.992812 
     5221.406717         0.993150 
     5221.416716         0.993122 
     5221.426716         0.998230 
     5221.436716         0.992026 
     5221.446716         0.988716 
     5221.456716         1.000103 
     5221.466715         0.998999 
     5221.476715         0.991493 
     5221.486715         0.990503 
     5221.496715         0.988294 
     5221.506715         0.984183 
     5221.516714         0.981905 
     5221.526714         0.990635 
     5221.536714         0.997983 
     5221.546714         0.988160 
     5221.556714         0.982925 
     5221.566713         0.985941 
     5221.576713         0.990788 
     5221.586713         0.988112 
     5221.596713         0.982533 
     5221.606713         0.984639 
     5221.616712         0.986697 
     5221.626712         0.986208 
     5221.636712         0.984034 
     5221.646712         0.976445 
     5221.656712         0.966501 
     5221.666711         0.961221 
     5221.676711         0.949179 
     5221.686711         0.928090 
     5221.696711         0.903624 
     5221.706711         0.870165 
     5221.716710         0.832441 
     5221.726710         0.805846 
     5221.736710         0.784813 
     5221.746710         0.766074 
     5221.756710         0.751595 
     5221.766709         0.754575 
     5221.776709         0.776285 
     5221.786709         0.799650 
     5221.796709         0.828192 
     5221.806709         0.862608 
     5221.816708         0.895173 
     5221.826708         0.920546 
     5221.836708         0.939242 
     5221.846708         0.957838 
     5221.856708         0.972957 
     5221.866707         0.981374 
     5221.876707         0.983899 
     5221.886707         0.986950 
     5221.896707         0.993387 
     5221.906707         0.994239 
     5221.916706         0.995319 
     5221.926706         1.001187 
     5221.936706         1.006539 
     5221.946706         1.005719 
     5221.956706         0.997723 
     5221.966705         0.996165 
     5221.976705         1.000025 
     5221.986705         1.004195 
     5221.996705         1.007110 
     5222.006705         1.006245 
     5222.016704         1.000917 
     5222.026704         0.999985 
     5222.036704         1.001005 
     5222.046704         1.000732 
     5222.056704         1.007813 
     5222.066703         1.012203 
     5222.076703         1.002519 
     5222.086703         0.998251 
     5222.096703         0.998000 
     5222.106703         0.994135 
     5222.116702         0.999156 
     5222.126702         1.006984 
     5222.136702         1.005397 
     5222.146702         1.001534 
     5222.156702         1.000430 
     5222.166701         1.003537 
     5222.176701         0.999652 
     5222.186701         0.992738 
     5222.196701         0.993967 
     5222.206701         0.996397 
     5222.216701         0.996873 
     5222.226700         0.995191 
     5222.236700         0.994095 
     5222.246700         0.995413 
     5222.256700         0.999224 
     5222.266700         1.000846 
     5222.276699         0.999674 
     5222.286699         0.997167 
     5222.296699         0.987263 
     5222.306699         0.972655 
     5222.316699         0.962961 
     5222.326698         0.952612 
     5222.336698         0.938922 
     5222.346698         0.922070 
     5222.356698         0.898756 
     5222.366698         0.871676 
     5222.376697         0.851340 
     5222.386697         0.836522 
     5222.396697         0.827309 
     5222.406697         0.826472 
     5222.416697         0.830301 
     5222.426696         0.840307 
     5222.436696         0.862641 
     5222.446696         0.884335 
     5222.456696         0.898301 
     5222.466696         0.906902 
     5222.476695         0.918729 
     5222.486695         0.932943 
     5222.496695         0.936348 
     5222.506695         0.937725 
     5222.516695         0.942646 
     5222.526694         0.946139 
     5222.536694         0.951134 
     5222.546694         0.957461 
     5222.556694         0.956599 
     5222.566694         0.953750 
     5222.576693         0.952148 
     5222.586693         0.947821 
     5222.596693         0.938270 
     5222.606693         0.923810 
     5222.616693         0.908560 
     5222.626692         0.892741 
     5222.636692         0.875202 
     5222.646692         0.852853 
     5222.656692         0.833965 
     5222.666692         0.824296 
     5222.676691         0.822791 
     5222.686691         0.829808 
     5222.696691         0.843888 
     5222.706691         0.858619 
     5222.716691         0.874703 
     5222.726690         0.893813 
     5222.736690         0.915391 
     5222.746690         0.933921 
     5222.756690         0.945164 
     5222.766690         0.952555 
     5222.776689         0.963067 
     5222.786689         0.976844 
     5222.796689         0.976506 
     5222.806689         0.973574 
     5222.816689         0.979214 
     5222.826688         0.981320 
     5222.836688         0.983519 
     5222.846688         0.990001 
     5222.856688         0.989022 
     5222.866688         0.987745 
     5222.876687         0.993106 
     5222.886687         0.992611 
     5222.896687         0.989627 
     5222.906687         0.989582 
     5222.916687         0.993694 
     5222.926686         0.996980 
     5222.936686         0.995972 
     5222.946686         0.996409 
     5222.956686         0.996308 
     5222.966686         0.994090 
     5222.976685         0.999656 
     5222.986685         1.006408 
     5222.996685         1.005360 
     5223.006685         1.000944 
     5223.016685         0.997648 
     5223.026684         0.998528 
     5223.036684         0.999049 
     5223.046684         0.999689 
     5223.056684         1.000352 
     5223.066684         0.994360 
     5223.076683         0.985033 
     5223.086683         0.978016 
     5223.096683         0.968828 
     5223.106683         0.954654 
     5223.116683         0.933523 
     5223.126683         0.903722 
     5223.136682         0.868224 
     5223.146682         0.831083 
     5223.156682         0.794988 
     5223.166682         0.764123 
     5223.176682         0.742348 
     5223.186681         0.730932 
     5223.196681         0.737838 
     5223.206681         0.768184 
     5223.216681         0.792728 
     5223.226681         0.818302 
     5223.236680         0.861358 
     5223.246680         0.893948 
     5223.256680         0.915984 
     5223.266680         0.939747 
     5223.276680         0.961418 
     5223.286679         0.977911 
     5223.296679         0.987104 
     5223.306679         0.988463 
     5223.316679         0.989760 
     5223.326679         0.998590 
     5223.336678         0.998344 
     5223.346678         0.995850 
     5223.356678         1.005083 
     5223.366678         1.005981 
     5223.376678         1.001225 
     5223.386677         1.002916 
     5223.396677         1.000245 
     5223.406677         0.994889 
     5223.416677         0.994678 
     5223.426677         0.997951 
     5223.436676         0.999697 
     5223.446676         0.995298 
     5223.456676         0.989798 
     5223.466676         0.985208 
     5223.476676         0.980796 
     5223.486675         0.975210 
     5223.496675         0.966852 
     5223.506675         0.955346 
     5223.516675         0.951848 
     5223.526675         0.950741 
     5223.536674         0.940966 
     5223.546674         0.936852 
     5223.556674         0.936369 
     5223.566674         0.928649 
     5223.576674         0.915762 
     5223.586673         0.902270 
     5223.596673         0.892618 
     5223.606673         0.881748 
     5223.616673         0.874167 
     5223.626673         0.878632 
     5223.636672         0.889271 
     5223.646672         0.899152 
     5223.656672         0.904817 
     5223.666672         0.924332 
     5223.676672         0.948563 
     5223.686671         0.958512 
     5223.696671         0.970275 
     5223.706671         0.982013 
     5223.716671         0.984248 
     5223.726671         0.993872 
     5223.736670         1.004236 
     5223.746670         1.001267 
     5223.756670         1.002001 
     5223.766670         1.004084 
     5223.776670         0.997666 
     5223.786669         0.997442 
     5223.796669         1.001054 
     5223.806669         0.998247 
     5223.816669         0.991971 
     5223.826669         0.987349 
     5223.836668         0.987626 
     5223.846668         0.982871 
     5223.856668         0.976620 
     5223.866668         0.977694 
     5223.876668         0.978773 
     5223.886667         0.980295 
     5223.896667         0.984233 
     5223.906667         0.980232 
     5223.916667         0.977997 
     5223.926667         0.990280 
     5223.936666         0.993722 
     5223.946666         0.992181 
     5223.956666         0.998205 
     5223.966666         1.001368 
     5223.976666         0.996783 
     5223.986665         0.985080 
     5223.996665         0.972408 
     5224.006665         0.963272 
     5224.016665         0.959495 
     5224.026665         0.951995 
     5224.036665         0.938811 
     5224.046664         0.923306 
     5224.056664         0.913535 
     5224.066664         0.910356 
     5224.076664         0.911253 
     5224.086664         0.914327 
     5224.096663         0.920902 
     5224.106663         0.932457 
     5224.116663         0.945665 
     5224.126663         0.952913 
     5224.136663         0.951601 
     5224.146662         0.960595 
     5224.156662         0.971214 
     5224.166662         0.970856 
     5224.176662         0.974502 
     5224.186662         0.978422 
     5224.196661         0.974068 
     5224.206661         0.966083 
     5224.216661         0.951036 
     5224.226661         0.926381 
     5224.236661         0.899180 
     5224.246660         0.863467 
     5224.256660         0.814389 
     5224.266660         0.763363 
     5224.276660         0.717767 
     5224.286660         0.681059 
     5224.296659         0.651958 
     5224.306659         0.637611 
     5224.316659         0.644782 
     5224.326659         0.667889 
     5224.336659         0.701834 
     5224.346658         0.743231 
     5224.356658         0.790815 
     5224.366658         0.838839 
     5224.376658         0.878937 
     5224.386658         0.903778 
     5224.396657         0.925154 
     5224.406657         0.949612 
     5224.416657         0.958507 
     5224.426657         0.959096 
     5224.436657         0.958946 
     5224.446656         0.950475 
     5224.456656         0.941514 
     5224.466656         0.935247 
     5224.476656         0.917217 
     5224.486656         0.892975 
     5224.496655         0.868111 
     5224.506655         0.838773 
     5224.516655         0.814566 
     5224.526655         0.799155 
     5224.536655         0.780500 
     5224.546654         0.772105 
     5224.556654         0.781861 
     5224.566654         0.799846 
     5224.576654         0.823937 
     5224.586654         0.851791 
     5224.596653         0.876875 
     5224.606653         0.900304 
     5224.616653         0.924028 
     5224.626653         0.946382 
     5224.636653         0.960930 
     5224.646652         0.968086 
     5224.656652         0.981013 
     5224.666652         0.989811 
     5224.676652         0.990999 
     5224.686652         0.993623 
     5224.696651         0.994015 
     5224.706651         0.992129 
     5224.716651         0.993880 
     5224.726651         0.997679 
     5224.736651         1.000688 
     5224.746650         0.995936 
     5224.756650         0.995070 
     5224.766650         0.999502 
     5224.776650         0.999675 
     5224.786650         0.995442 
     5224.796649         0.989096 
     5224.806649         0.983344 
     5224.816649         0.974483 
     5224.826649         0.958884 
     5224.836649         0.933685 
     5224.846648         0.907456 
     5224.856648         0.876756 
     5224.866648         0.831074 
     5224.876648         0.782957 
     5224.886648         0.734753 
     5224.896647         0.681817 
     5224.906647         0.631805 
     5224.916647         0.590319 
     5224.926647         0.561392 
     5224.936647         0.550589 
     5224.946647         0.555506 
     5224.956646         0.569765 
     5224.966646         0.588978 
     5224.976646         0.608946 
     5224.986646         0.625102 
     5224.996646         0.639063 
     5225.006645         0.653152 
     5225.016645         0.669883 
     5225.026645         0.690393 
     5225.036645         0.716011 
     5225.046645         0.747134 
     5225.056644         0.779843 
     5225.066644         0.813397 
     5225.076644         0.847185 
     5225.086644         0.872518 
     5225.096644         0.891396 
     5225.106643         0.908514 
     5225.116643         0.926994 
     5225.126643         0.944456 
     5225.136643         0.958136 
     5225.146643         0.966734 
     5225.156642         0.973950 
     5225.166642         0.982783 
     5225.176642         0.989862 
     5225.186642         0.991788 
     5225.196642         0.989671 
     5225.206641         0.991786 
     5225.216641         0.996352 
     5225.226641         1.000709 
     5225.236641         1.006157 
     5225.246641         1.004875 
     5225.256640         0.997123 
     5225.266640         1.001365 
     5225.276640         1.005013 
     5225.286640         1.001087 
     5225.296640         1.002784 
     5225.306639         1.002454 
     5225.316639         0.998799 
     5225.326639         1.004606 
     5225.336639         1.002227 
     5225.346639         0.992749 
     5225.356638         1.004488 
     5225.366638         1.009254 
     5225.376638         0.997730 
     5225.386638         0.990029 
     5225.396638         0.985460 
     5225.406637         0.979869 
     5225.416637         0.967920 
     5225.426637         0.948438 
     5225.436637         0.921638 
     5225.446637         0.888145 
     5225.456636         0.839356 
     5225.466636         0.773719 
     5225.476636         0.697332 
     5225.486636         0.621043 
     5225.496636         0.546468 
     5225.506635         0.472339 
     5225.516635         0.420793 
     5225.526635         0.392839 
     5225.536635         0.380501 
     5225.546635         0.404447 
     5225.556634         0.460447 
     5225.566634         0.529864 
     5225.576634         0.604095 
     5225.586634         0.679754 
     5225.596634         0.754124 
     5225.606633         0.822297 
     5225.616633         0.875177 
     5225.626633         0.909232 
     5225.636633         0.942491 
     5225.646633         0.965752 
     5225.656632         0.970338 
     5225.666632         0.981662 
     5225.676632         0.989253 
     5225.686632         0.982008 
     5225.696632         0.983009 
     5225.706631         0.983568 
     5225.716631         0.974625 
     5225.726631         0.966001 
     5225.736631         0.962189 
     5225.746631         0.959784 
     5225.756630         0.945883 
     5225.766630         0.928756 
     5225.776630         0.914071 
     5225.786630         0.896607 
     5225.796630         0.885478 
     5225.806629         0.884095 
     5225.816629         0.883452 
     5225.826629         0.882407 
     5225.836629         0.885230 
     5225.846629         0.899971 
     5225.856629         0.916958 
     5225.866628         0.930072 
     5225.876628         0.940260 
     5225.886628         0.947001 
     5225.896628         0.951982 
     5225.906628         0.958676 
     5225.916627         0.965365 
     5225.926627         0.968380 
     5225.936627         0.964142 
     5225.946627         0.963608 
     5225.956627         0.966338 
     5225.966626         0.964535 
     5225.976626         0.955444 
     5225.986626         0.945563 
     5225.996626         0.942355 
     5226.006626         0.937889 
     5226.016625         0.930364 
     5226.026625         0.921939 
     5226.036625         0.911647 
     5226.046625         0.902835 
     5226.056625         0.897669 
     5226.066624         0.885670 
     5226.076624         0.881824 
     5226.086624         0.895191 
     5226.096624         0.892095 
     5226.106624         0.888521 
     5226.116623         0.901135 
     5226.126623         0.906898 
     5226.136623         0.906028 
     5226.146623         0.905166 
     5226.156623         0.912131 
     5226.166622         0.917637 
     5226.176622         0.915482 
     5226.186622         0.914015 
