     6124.908845         0.946998 
     6124.918844         0.934972 
     6124.928844         0.923223 
     6124.938844         0.912736 
     6124.948844         0.899118 
     6124.958844         0.883993 
     6124.968843         0.868656 
     6124.978843         0.851118 
     6124.988843         0.833879 
     6124.998843         0.824331 
     6125.008843         0.815917 
     6125.018842         0.803250 
     6125.028842         0.804171 
     6125.038842         0.815765 
     6125.048842         0.821463 
     6125.058842         0.827285 
     6125.068841         0.840823 
     6125.078841         0.860454 
     6125.088841         0.880580 
     6125.098841         0.894427 
     6125.108841         0.909789 
     6125.118840         0.930879 
     6125.128840         0.948124 
     6125.138840         0.958166 
     6125.148840         0.960567 
     6125.158840         0.964294 
     6125.168839         0.974015 
     6125.178839         0.984247 
     6125.188839         0.991100 
     6125.198839         0.990940 
     6125.208839         0.987253 
     6125.218838         0.983679 
     6125.228838         0.986918 
     6125.238838         0.991702 
     6125.248838         0.992013 
     6125.258838         0.991474 
     6125.268837         0.991565 
     6125.278837         0.990676 
     6125.288837         0.992977 
     6125.298837         0.999861 
     6125.308837         0.997490 
     6125.318836         0.989759 
     6125.328836         0.993532 
     6125.338836         0.996924 
     6125.348836         0.991983 
     6125.358836         0.992992 
     6125.368835         0.997537 
     6125.378835         0.995692 
     6125.388835         0.993092 
     6125.398835         0.994517 
     6125.408835         0.997157 
     6125.418834         0.997871 
     6125.428834         0.993771 
     6125.438834         0.992350 
     6125.448834         0.995015 
     6125.458834         0.997491 
     6125.468833         0.997578 
     6125.478833         0.995366 
     6125.488833         0.997317 
     6125.498833         1.002708 
     6125.508833         0.999608 
     6125.518832         0.996033 
     6125.528832         0.999901 
     6125.538832         1.002801 
     6125.548832         1.002127 
     6125.558832         0.999432 
     6125.568832         0.997260 
     6125.578831         0.997224 
     6125.588831         0.997332 
     6125.598831         0.996554 
     6125.608831         0.995180 
     6125.618831         0.995775 
     6125.628830         0.999975 
     6125.638830         1.000894 
     6125.648830         0.999457 
     6125.658830         0.998361 
     6125.668830         0.997878 
     6125.678829         0.998149 
     6125.688829         0.999204 
     6125.698829         1.000919 
     6125.708829         1.002843 
     6125.718829         1.003115 
     6125.728828         1.002048 
     6125.738828         1.001980 
     6125.748828         1.000872 
     6125.758828         0.997122 
     6125.768828         0.998112 
     6125.778827         1.001779 
     6125.788827         0.998564 
     6125.798827         0.993963 
     6125.808827         0.994065 
     6125.818827         0.999587 
     6125.828826         1.004349 
     6125.838826         0.999496 
     6125.848826         0.994029 
     6125.858826         0.994665 
     6125.868826         0.997688 
     6125.878825         1.001737 
     6125.888825         1.005180 
     6125.898825         1.003598 
     6125.908825         0.997557 
     6125.918825         0.996332 
     6125.928824         0.997520 
     6125.938824         0.996840 
     6125.948824         0.997538 
     6125.958824         1.000045 
     6125.968824         1.001281 
     6125.978823         1.001697 
     6125.988823         1.002347 
     6125.998823         1.004135 
     6126.008823         1.005264 
     6126.018823         1.001711 
     6126.028822         0.999164 
     6126.038822         1.000108 
     6126.048822         0.994149 
     6126.058822         0.987531 
     6126.068822         0.990722 
     6126.078821         0.991539 
     6126.088821         0.984131 
     6126.098821         0.976593 
     6126.108821         0.973686 
     6126.118821         0.977381 
     6126.128820         0.971894 
     6126.138820         0.955773 
     6126.148820         0.941108 
     6126.158820         0.924638 
     6126.168820         0.900762 
     6126.178819         0.880991 
     6126.188819         0.865149 
     6126.198819         0.845769 
     6126.208819         0.829831 
     6126.218819         0.823848 
     6126.228818         0.824256 
     6126.238818         0.832691 
     6126.248818         0.851442 
     6126.258818         0.871334 
     6126.268818         0.888666 
     6126.278817         0.907254 
     6126.288817         0.927482 
     6126.298817         0.947433 
     6126.308817         0.960467 
     6126.318817         0.967616 
     6126.328816         0.979055 
     6126.338816         0.989702 
     6126.348816         0.994344 
     6126.358816         0.996270 
     6126.368816         0.997897 
     6126.378815         0.998336 
     6126.388815         0.999652 
     6126.398815         1.001068 
     6126.408815         0.998548 
     6126.418815         0.994507 
     6126.428814         0.994456 
     6126.438814         0.996530 
     6126.448814         0.997588 
     6126.458814         1.001310 
     6126.468814         1.003490 
     6126.478814         0.999855 
     6126.488813         0.998153 
     6126.498813         1.000540 
     6126.508813         1.001180 
     6126.518813         1.000352 
     6126.528813         1.000364 
     6126.538812         1.000566 
     6126.548812         1.000783 
     6126.558812         1.001848 
     6126.568812         1.002314 
     6126.578812         1.002533 
     6126.588811         1.001883 
     6126.598811         1.001204 
     6126.608811         1.001705 
     6126.618811         1.004909 
     6126.628811         1.009441 
     6126.638810         1.007265 
     6126.648810         1.002000 
     6126.658810         1.001245 
     6126.668810         0.999986 
     6126.678810         0.998269 
     6126.688809         1.001632 
     6126.698809         1.004269 
     6126.708809         0.999267 
     6126.718809         0.998080 
     6126.728809         1.001509 
     6126.738808         1.001382 
     6126.748808         1.002216 
     6126.758808         1.005795 
     6126.768808         1.000767 
     6126.778808         0.993850 
     6126.788807         0.998394 
     6126.798807         1.003785 
     6126.808807         1.002945 
     6126.818807         0.999192 
     6126.828807         0.996439 
     6126.838806         0.998690 
     6126.848806         1.000730 
     6126.858806         1.001196 
     6126.868806         1.000814 
     6126.878806         1.000182 
     6126.888805         1.000839 
     6126.898805         1.002303 
     6126.908805         1.003556 
     6126.918805         1.002599 
     6126.928805         1.002788 
     6126.938804         1.005622 
     6126.948804         1.001141 
     6126.958804         0.995554 
     6126.968804         0.999964 
     6126.978804         1.003381 
     6126.988803         1.001457 
     6126.998803         0.998437 
     6127.008803         0.995910 
     6127.018803         0.994279 
     6127.028803         0.995618 
     6127.038802         0.999616 
     6127.048802         1.002514 
     6127.058802         1.003449 
     6127.068802         1.003451 
     6127.078802         1.003829 
     6127.088801         1.005151 
     6127.098801         1.005292 
     6127.108801         1.003435 
     6127.118801         1.000556 
     6127.128801         1.002698 
     6127.138800         1.004076 
     6127.148800         0.998789 
     6127.158800         0.999778 
     6127.168800         1.006798 
     6127.178800         1.002987 
     6127.188799         0.996814 
     6127.198799         0.999014 
     6127.208799         1.002021 
     6127.218799         1.002128 
     6127.228799         0.995701 
     6127.238798         0.992329 
     6127.248798         0.996633 
     6127.258798         1.000490 
     6127.268798         1.001537 
     6127.278798         1.000671 
     6127.288797         1.001412 
     6127.298797         1.002342 
     6127.308797         0.999263 
     6127.318797         0.997069 
     6127.328797         1.000765 
     6127.338796         0.999951 
     6127.348796         0.993119 
     6127.358796         0.985042 
     6127.368796         0.982979 
     6127.378796         0.989831 
     6127.388796         0.991165 
     6127.398795         0.987036 
     6127.408795         0.984437 
     6127.418795         0.981334 
     6127.428795         0.978076 
     6127.438795         0.977029 
     6127.448794         0.977510 
     6127.458794         0.977622 
     6127.468794         0.977161 
     6127.478794         0.977563 
     6127.488794         0.982483 
     6127.498793         0.985725 
     6127.508793         0.984032 
     6127.518793         0.986423 
     6127.528793         0.990714 
     6127.538793         0.990234 
     6127.548792         0.992749 
     6127.558792         0.997913 
     6127.568792         0.991173 
     6127.578792         0.983400 
     6127.588792         0.990361 
     6127.598791         0.996920 
     6127.608791         0.997762 
     6127.618791         0.997024 
     6127.628791         0.994686 
     6127.638791         0.991509 
     6127.648790         0.994989 
     6127.658790         0.999682 
     6127.668790         0.992037 
     6127.678790         0.989445 
     6127.688790         0.996662 
     6127.698789         0.997463 
     6127.708789         0.993521 
     6127.718789         0.992448 
     6127.728789         0.993852 
     6127.738789         0.995108 
     6127.748788         0.990436 
     6127.758788         0.986879 
     6127.768788         0.987768 
     6127.778788         0.980531 
     6127.788788         0.966099 
     6127.798787         0.954375 
     6127.808787         0.938847 
     6127.818787         0.917028 
     6127.828787         0.893539 
     6127.838787         0.862997 
     6127.848786         0.819469 
     6127.858786         0.778752 
     6127.868786         0.743752 
     6127.878786         0.700327 
     6127.888786         0.663625 
     6127.898785         0.645345 
     6127.908785         0.637047 
     6127.918785         0.638629 
     6127.928785         0.654681 
     6127.938785         0.683444 
     6127.948784         0.720754 
     6127.958784         0.758381 
     6127.968784         0.797154 
     6127.978784         0.837947 
     6127.988784         0.869687 
     6127.998783         0.891958 
     6128.008783         0.915926 
     6128.018783         0.936757 
     6128.028783         0.949974 
     6128.038783         0.959008 
     6128.048782         0.966266 
     6128.058782         0.973963 
     6128.068782         0.975422 
     6128.078782         0.971807 
     6128.088782         0.977067 
     6128.098781         0.982561 
     6128.108781         0.975724 
     6128.118781         0.970156 
     6128.128781         0.970734 
     6128.138781         0.976719 
     6128.148780         0.980550 
     6128.158780         0.977900 
     6128.168780         0.979763 
     6128.178780         0.983744 
     6128.188780         0.981210 
     6128.198779         0.980458 
     6128.208779         0.983612 
     6128.218779         0.987052 
     6128.228779         0.988943 
     6128.238779         0.987810 
     6128.248778         0.985858 
     6128.258778         0.984793 
     6128.268778         0.986706 
     6128.278778         0.991036 
     6128.288778         0.995667 
     6128.298778         0.994109 
     6128.308777         0.989015 
     6128.318777         0.987453 
     6128.328777         0.990440 
     6128.338777         0.995670 
     6128.348777         0.993516 
     6128.358776         0.990328 
     6128.368776         0.992183 
     6128.378776         0.990914 
     6128.388776         0.989057 
     6128.398776         0.995302 
     6128.408775         1.000249 
     6128.418775         0.997980 
     6128.428775         0.996433 
     6128.438775         0.997453 
     6128.448775         1.001860 
     6128.458774         1.001647 
     6128.468774         0.997289 
     6128.478774         0.999943 
     6128.488774         1.002897 
     6128.498774         1.000683 
     6128.508773         1.002671 
     6128.518773         1.006532 
     6128.528773         1.003790 
     6128.538773         1.002074 
     6128.548773         1.005466 
     6128.558772         1.004243 
     6128.568772         1.000004 
     6128.578772         0.995944 
     6128.588772         0.998416 
     6128.598772         1.004142 
     6128.608771         1.003208 
     6128.618771         1.000499 
     6128.628771         1.000717 
     6128.638771         0.999758 
     6128.648771         0.997956 
     6128.658770         0.997272 
     6128.668770         0.998625 
     6128.678770         1.000372 
     6128.688770         1.000372 
     6128.698770         0.998700 
     6128.708769         0.995836 
     6128.718769         0.997523 
     6128.728769         1.002094 
     6128.738769         1.002261 
     6128.748769         1.000725 
     6128.758768         0.999394 
     6128.768768         0.999822 
     6128.778768         0.999294 
     6128.788768         0.995628 
     6128.798768         0.995170 
     6128.808767         0.997405 
     6128.818767         0.996017 
     6128.828767         0.994410 
     6128.838767         0.994338 
     6128.848767         0.989584 
     6128.858766         0.982890 
     6128.868766         0.980016 
     6128.878766         0.974037 
     6128.888766         0.960444 
     6128.898766         0.945132 
     6128.908765         0.924744 
     6128.918765         0.898017 
     6128.928765         0.873733 
     6128.938765         0.853285 
     6128.948765         0.832702 
     6128.958764         0.812050 
     6128.968764         0.794790 
     6128.978764         0.790443 
     6128.988764         0.796248 
     6128.998764         0.806385 
     6129.008763         0.825429 
     6129.018763         0.851564 
     6129.028763         0.875819 
     6129.038763         0.895763 
     6129.048763         0.913304 
     6129.058762         0.932921 
     6129.068762         0.951546 
     6129.078762         0.962935 
     6129.088762         0.972990 
     6129.098762         0.982845 
     6129.108761         0.988059 
     6129.118761         0.987154 
     6129.128761         0.982945 
     6129.138761         0.985590 
     6129.148761         0.991227 
     6129.158760         0.986478 
     6129.168760         0.982866 
     6129.178760         0.986327 
     6129.188760         0.986925 
     6129.198760         0.983597 
     6129.208760         0.978974 
     6129.218759         0.976475 
     6129.228759         0.977176 
     6129.238759         0.981567 
     6129.248759         0.986992 
     6129.258759         0.989770 
     6129.268758         0.984123 
     6129.278758         0.978346 
     6129.288758         0.986218 
     6129.298758         0.991740 
     6129.308758         0.989397 
     6129.318757         0.990395 
     6129.328757         0.993872 
     6129.338757         0.996136 
     6129.348757         0.997411 
     6129.358757         0.997152 
     6129.368756         0.995591 
     6129.378756         0.996176 
     6129.388756         0.997834 
     6129.398756         0.992970 
     6129.408756         0.986747 
     6129.418755         0.984885 
     6129.428755         0.983038 
     6129.438755         0.980170 
     6129.448755         0.976705 
     6129.458755         0.975516 
     6129.468754         0.976498 
     6129.478754         0.972950 
     6129.488754         0.969133 
     6129.498754         0.971062 
     6129.508754         0.972269 
     6129.518753         0.969675 
     6129.528753         0.963180 
     6129.538753         0.959611 
     6129.548753         0.962955 
     6129.558753         0.965986 
     6129.568752         0.966381 
     6129.578752         0.964564 
     6129.588752         0.968398 
     6129.598752         0.977367 
     6129.608752         0.978012 
     6129.618751         0.974522 
     6129.628751         0.973051 
     6129.638751         0.972412 
     6129.648751         0.971339 
     6129.658751         0.968440 
     6129.668750         0.963294 
     6129.678750         0.959464 
     6129.688750         0.963310 
     6129.698750         0.967968 
     6129.708750         0.967130 
     6129.718749         0.966107 
     6129.728749         0.967854 
     6129.738749         0.972671 
     6129.748749         0.974681 
     6129.758749         0.973199 
     6129.768748         0.976346 
     6129.778748         0.982653 
     6129.788748         0.987863 
     6129.798748         0.992735 
     6129.808748         0.996352 
     6129.818747         0.993755 
     6129.828747         0.992242 
     6129.838747         0.995628 
     6129.848747         0.995894 
     6129.858747         0.995316 
     6129.868746         0.998322 
     6129.878746         0.998784 
     6129.888746         0.997229 
     6129.898746         1.000957 
     6129.908746         1.002473 
     6129.918745         0.996963 
     6129.928745         0.999368 
     6129.938745         1.004109 
     6129.948745         0.997411 
     6129.958745         0.993712 
     6129.968744         0.997679 
     6129.978744         0.993392 
     6129.988744         0.991262 
     6129.998744         0.999060 
     6130.008744         0.995540 
     6130.018743         0.983503 
     6130.028743         0.979441 
     6130.038743         0.972719 
     6130.048743         0.959244 
     6130.058743         0.946235 
     6130.068742         0.931724 
     6130.078742         0.912341 
     6130.088742         0.891634 
     6130.098742         0.872322 
     6130.108742         0.855472 
     6130.118742         0.843769 
     6130.128741         0.836603 
     6130.138741         0.828865 
     6130.148741         0.827110 
     6130.158741         0.838957 
     6130.168741         0.852944 
     6130.178740         0.869368 
     6130.188740         0.894948 
     6130.198740         0.914732 
     6130.208740         0.923051 
     6130.218740         0.939619 
     6130.228739         0.958711 
     6130.238739         0.968692 
     6130.248739         0.974762 
     6130.258739         0.980337 
     6130.268739         0.985176 
     6130.278738         0.988884 
     6130.288738         0.991015 
     6130.298738         0.990236 
     6130.308738         0.989373 
     6130.318738         0.992033 
     6130.328737         0.992264 
     6130.338737         0.990384 
     6130.348737         0.991400 
     6130.358737         0.992418 
     6130.368737         0.991873 
     6130.378736         0.990936 
     6130.388736         0.991717 
     6130.398736         0.995391 
     6130.408736         0.996361 
     6130.418736         0.994690 
     6130.428735         0.998376 
     6130.438735         1.000038 
     6130.448735         0.995499 
     6130.458735         0.993818 
     6130.468735         0.995375 
     6130.478734         0.997431 
     6130.488734         0.999601 
     6130.498734         1.001843 
     6130.508734         1.001893 
     6130.518734         1.001902 
     6130.528733         1.002744 
     6130.538733         0.999429 
     6130.548733         0.995824 
     6130.558733         0.998371 
     6130.568733         0.999637 
     6130.578732         0.997109 
     6130.588732         0.998729 
     6130.598732         1.001764 
     6130.608732         1.003176 
     6130.618732         1.002197 
     6130.628731         0.999119 
     6130.638731         0.994048 
     6130.648731         0.992329 
     6130.658731         0.993809 
     6130.668731         0.996398 
     6130.678730         1.000073 
     6130.688730         1.004764 
     6130.698730         1.005054 
     6130.708730         1.003364 
     6130.718730         1.004217 
     6130.728729         1.002986 
     6130.738729         0.999912 
     6130.748729         1.003150 
     6130.758729         1.006405 
     6130.768729         1.004449 
     6130.778728         1.004077 
     6130.788728         1.004680 
     6130.798728         1.002999 
     6130.808728         1.000017 
     6130.818728         0.998398 
     6130.828727         0.999838 
     6130.838727         1.000706 
     6130.848727         0.997986 
     6130.858727         0.997419 
     6130.868727         1.000958 
     6130.878726         1.007167 
     6130.888726         1.006260 
     6130.898726         0.998568 
     6130.908726         0.998363 
