     6413.923128         0.984502 
     6413.933127         0.984540 
     6413.943127         0.983846 
     6413.953127         0.985697 
     6413.963127         0.992634 
     6413.973127         0.997704 
     6413.983126         0.996582 
     6413.993126         0.996965 
     6414.003126         1.004341 
     6414.013126         1.009572 
     6414.023126         1.006963 
     6414.033125         1.002803 
     6414.043125         1.001257 
     6414.053125         1.000727 
     6414.063125         0.999879 
     6414.073125         0.999224 
     6414.083124         0.998978 
     6414.093124         0.997467 
     6414.103124         0.994407 
     6414.113124         0.993813 
     6414.123124         0.997806 
     6414.133123         0.998990 
     6414.143123         0.994398 
     6414.153123         0.992029 
     6414.163123         0.995812 
     6414.173123         0.996701 
     6414.183122         0.991284 
     6414.193122         0.988316 
     6414.203122         0.991816 
     6414.213122         0.995613 
     6414.223122         0.997554 
     6414.233122         0.997006 
     6414.243121         0.994448 
     6414.253121         0.993551 
     6414.263121         0.995790 
     6414.273121         0.998432 
     6414.283121         1.000579 
     6414.293120         1.001481 
     6414.303120         1.001221 
     6414.313120         0.999771 
     6414.323120         0.997686 
     6414.333120         0.998271 
     6414.343119         1.001963 
     6414.353119         1.001553 
     6414.363119         0.996443 
     6414.373119         0.996131 
     6414.383119         1.002243 
     6414.393118         1.005198 
     6414.403118         1.002950 
     6414.413118         1.001481 
     6414.423118         1.001742 
     6414.433118         0.999291 
     6414.443117         0.994188 
     6414.453117         0.993722 
     6414.463117         0.997785 
     6414.473117         0.995547 
     6414.483117         0.986105 
     6414.493116         0.978107 
     6414.503116         0.972320 
     6414.513116         0.962480 
     6414.523116         0.948232 
     6414.533116         0.934491 
     6414.543115         0.922249 
     6414.553115         0.910192 
     6414.563115         0.898672 
     6414.573115         0.889450 
     6414.583115         0.883640 
     6414.593114         0.883393 
     6414.603114         0.887864 
     6414.613114         0.891805 
     6414.623114         0.896124 
     6414.633114         0.905338 
     6414.643113         0.918547 
     6414.653113         0.929782 
     6414.663113         0.939335 
     6414.673113         0.950093 
     6414.683113         0.961222 
     6414.693112         0.968436 
     6414.703112         0.971008 
     6414.713112         0.968523 
     6414.723112         0.964698 
     6414.733112         0.968599 
     6414.743111         0.976348 
     6414.753111         0.976273 
     6414.763111         0.970465 
     6414.773111         0.966244 
     6414.783111         0.964979 
     6414.793110         0.966850 
     6414.803110         0.968662 
     6414.813110         0.964252 
     6414.823110         0.955740 
     6414.833110         0.948639 
     6414.843109         0.943143 
     6414.853109         0.938342 
     6414.863109         0.932226 
     6414.873109         0.920013 
     6414.883109         0.904519 
     6414.893108         0.890598 
     6414.903108         0.876166 
     6414.913108         0.857385 
     6414.923108         0.835527 
     6414.933108         0.813189 
     6414.943107         0.791294 
     6414.953107         0.771345 
     6414.963107         0.756072 
     6414.973107         0.748598 
     6414.983107         0.745680 
     6414.993106         0.743177 
     6415.003106         0.745197 
     6415.013106         0.757067 
     6415.023106         0.774205 
     6415.033106         0.791529 
     6415.043105         0.809654 
     6415.053105         0.829529 
     6415.063105         0.849256 
     6415.073105         0.867295 
     6415.083105         0.885644 
     6415.093104         0.906085 
     6415.103104         0.922914 
     6415.113104         0.931010 
     6415.123104         0.936301 
     6415.133104         0.943817 
     6415.143104         0.952397 
     6415.153103         0.960930 
     6415.163103         0.968642 
     6415.173103         0.974800 
     6415.183103         0.979734 
     6415.193103         0.983634 
     6415.203102         0.982976 
     6415.213102         0.976371 
     6415.223102         0.973128 
     6415.233102         0.978845 
     6415.243102         0.985043 
     6415.253101         0.986830 
     6415.263101         0.985237 
     6415.273101         0.981931 
     6415.283101         0.983132 
     6415.293101         0.991277 
     6415.303100         0.996186 
     6415.313100         0.993809 
     6415.323100         0.990185 
     6415.333100         0.988687 
     6415.343100         0.988795 
     6415.353099         0.990477 
     6415.363099         0.991908 
     6415.373099         0.992135 
     6415.383099         0.988860 
     6415.393099         0.982103 
     6415.403098         0.977839 
     6415.413098         0.977967 
     6415.423098         0.978674 
     6415.433098         0.979002 
     6415.443098         0.979960 
     6415.453097         0.981099 
     6415.463097         0.979217 
     6415.473097         0.974932 
     6415.483097         0.976191 
     6415.493097         0.983004 
     6415.503096         0.985098 
     6415.513096         0.980721 
     6415.523096         0.974674 
     6415.533096         0.969529 
     6415.543096         0.971584 
     6415.553095         0.979392 
     6415.563095         0.983067 
     6415.573095         0.982320 
     6415.583095         0.982405 
     6415.593095         0.983962 
     6415.603094         0.984356 
     6415.613094         0.984485 
     6415.623094         0.987790 
     6415.633094         0.993438 
     6415.643094         0.997133 
     6415.653093         0.998230 
     6415.663093         0.996160 
     6415.673093         0.993453 
     6415.683093         0.995212 
     6415.693093         0.999624 
     6415.703092         1.000267 
     6415.713092         0.998971 
     6415.723092         1.000758 
     6415.733092         1.004009 
     6415.743092         1.004869 
     6415.753091         1.003185 
     6415.763091         0.999650 
     6415.773091         0.997697 
     6415.783091         1.002686 
     6415.793091         1.008686 
     6415.803090         1.006375 
     6415.813090         1.001713 
     6415.823090         1.004236 
     6415.833090         1.008677 
     6415.843090         1.007108 
     6415.853089         1.003094 
     6415.863089         1.001266 
     6415.873089         1.000564 
     6415.883089         0.999225 
     6415.893089         0.998777 
     6415.903088         1.000608 
     6415.913088         1.003550 
     6415.923088         1.006360 
     6415.933088         1.006583 
     6415.943088         1.002094 
     6415.953087         0.998075 
     6415.963087         0.998787 
     6415.973087         1.000209 
     6415.983087         0.999096 
     6415.993087         0.997389 
     6416.003086         0.996738 
     6416.013086         0.997107 
     6416.023086         0.998633 
     6416.033086         0.999788 
     6416.043086         0.999543 
     6416.053086         0.998761 
     6416.063085         0.998103 
     6416.073085         0.998947 
     6416.083085         1.001715 
     6416.093085         1.002196 
     6416.103085         0.998658 
     6416.113084         0.994330 
     6416.123084         0.991289 
     6416.133084         0.992186 
     6416.143084         0.997396 
     6416.153084         1.000282 
     6416.163083         0.999103 
     6416.173083         0.999634 
     6416.183083         1.003202 
     6416.193083         1.003500 
     6416.203083         0.999529 
     6416.213082         0.996821 
     6416.223082         0.997176 
     6416.233082         0.997973 
     6416.243082         0.999124 
     6416.253082         1.001143 
     6416.263081         1.003887 
     6416.273081         1.003956 
     6416.283081         1.001394 
     6416.293081         1.000722 
     6416.303081         1.002089 
     6416.313080         1.003629 
     6416.323080         1.004516 
     6416.333080         1.003014 
     6416.343080         0.999888 
     6416.353080         0.998131 
     6416.363079         0.998256 
     6416.373079         0.999801 
     6416.383079         1.001658 
     6416.393079         1.001068 
     6416.403079         0.999373 
     6416.413078         1.000048 
     6416.423078         1.001282 
     6416.433078         0.998158 
     6416.443078         0.993363 
     6416.453078         0.992947 
     6416.463077         0.994740 
     6416.473077         0.993185 
     6416.483077         0.990609 
     6416.493077         0.991399 
     6416.503077         0.993183 
     6416.513076         0.992138 
     6416.523076         0.990758 
     6416.533076         0.992807 
     6416.543076         0.995841 
     6416.553076         0.996277 
     6416.563075         0.995245 
     6416.573075         0.994526 
     6416.583075         0.995087 
     6416.593075         0.997786 
     6416.603075         1.000000 
     6416.613074         0.998832 
     6416.623074         0.996573 
     6416.633074         0.995262 
     6416.643074         0.994946 
     6416.653074         0.995299 
     6416.663073         0.996271 
     6416.673073         0.997753 
     6416.683073         0.999939 
     6416.693073         1.002628 
     6416.703073         1.000872 
     6416.713072         0.992589 
     6416.723072         0.989093 
     6416.733072         0.996483 
     6416.743072         1.002875 
     6416.753072         1.002596 
     6416.763071         1.000097 
     6416.773071         0.997258 
     6416.783071         0.991779 
     6416.793071         0.982689 
     6416.803071         0.972557 
     6416.813070         0.961919 
     6416.823070         0.946944 
     6416.833070         0.926936 
     6416.843070         0.905852 
     6416.853070         0.884455 
     6416.863069         0.859824 
     6416.873069         0.832107 
     6416.883069         0.804326 
     6416.893069         0.778390 
     6416.903069         0.756449 
     6416.913068         0.739941 
     6416.923068         0.731697 
     6416.933068         0.732272 
     6416.943068         0.740718 
     6416.953068         0.756756 
     6416.963068         0.779027 
     6416.973067         0.805638 
     6416.983067         0.831827 
     6416.993067         0.857221 
     6417.003067         0.883394 
     6417.013067         0.908562 
     6417.023066         0.928197 
     6417.033066         0.942915 
     6417.043066         0.955206 
     6417.053066         0.965209 
     6417.063066         0.972539 
     6417.073065         0.978483 
     6417.083065         0.985306 
     6417.093065         0.990177 
     6417.103065         0.988225 
     6417.113065         0.985165 
     6417.123064         0.990131 
     6417.133064         0.997055 
     6417.143064         0.997463 
     6417.153064         0.996285 
     6417.163064         1.000097 
     6417.173063         1.003815 
     6417.183063         1.001742 
     6417.193063         0.998103 
     6417.203063         0.997522 
     6417.213063         0.999685 
     6417.223062         1.003911 
     6417.233062         1.005512 
     6417.243062         1.001380 
     6417.253062         0.997488 
     6417.263062         0.998341 
     6417.273061         0.999845 
     6417.283061         0.999070 
     6417.293061         1.000029 
     6417.303061         1.003812 
     6417.313061         1.005721 
     6417.323060         1.003503 
     6417.333060         1.000660 
     6417.343060         0.999460 
     6417.353060         0.999579 
     6417.363060         1.000820 
     6417.373059         0.999577 
     6417.383059         0.995035 
     6417.393059         0.992260 
     6417.403059         0.992719 
     6417.413059         0.995156 
     6417.423058         0.999118 
     6417.433058         1.004049 
     6417.443058         1.008522 
     6417.453058         1.005868 
     6417.463058         0.997947 
     6417.473057         0.997197 
     6417.483057         1.003078 
     6417.493057         1.001697 
     6417.503057         0.994059 
     6417.513057         0.991593 
     6417.523056         0.994088 
     6417.533056         0.993627 
     6417.543056         0.991345 
     6417.553056         0.993587 
     6417.563056         0.997515 
     6417.573055         0.994590 
     6417.583055         0.987361 
     6417.593055         0.982712 
     6417.603055         0.978302 
     6417.613055         0.967705 
     6417.623054         0.957447 
     6417.633054         0.959163 
     6417.643054         0.962404 
     6417.653054         0.950240 
     6417.663054         0.932951 
     6417.673053         0.925843 
     6417.683053         0.926122 
     6417.693053         0.928835 
     6417.703053         0.931509 
     6417.713053         0.931844 
     6417.723052         0.932331 
     6417.733052         0.935399 
     6417.743052         0.939026 
     6417.753052         0.941178 
     6417.763052         0.945297 
     6417.773051         0.953782 
     6417.783051         0.962389 
     6417.793051         0.968002 
     6417.803051         0.970103 
     6417.813051         0.968827 
     6417.823050         0.967715 
     6417.833050         0.968921 
     6417.843050         0.972222 
     6417.853050         0.976872 
     6417.863050         0.977152 
     6417.873050         0.971880 
     6417.883049         0.970611 
     6417.893049         0.976336 
     6417.903049         0.982185 
     6417.913049         0.985316 
     6417.923049         0.984790 
     6417.933048         0.982110 
     6417.943048         0.983987 
     6417.953048         0.990901 
     6417.963048         0.995337 
     6417.973048         0.996063 
     6417.983047         0.994909 
     6417.993047         0.992977 
     6418.003047         0.991321 
     6418.013047         0.991227 
     6418.023047         0.994346 
     6418.033046         0.999736 
     6418.043046         1.003010 
     6418.053046         1.003807 
     6418.063046         1.002931 
     6418.073046         1.001057 
     6418.083045         0.999624 
     6418.093045         0.998677 
     6418.103045         0.997903 
     6418.113045         0.997630 
     6418.123045         0.998528 
     6418.133044         1.000131 
     6418.143044         1.001688 
     6418.153044         1.002560 
     6418.163044         1.001974 
     6418.173044         1.000958 
     6418.183043         1.000845 
     6418.193043         0.999877 
     6418.203043         0.996209 
     6418.213043         0.994240 
     6418.223043         0.997296 
     6418.233042         0.998778 
     6418.243042         0.993379 
     6418.253042         0.987958 
     6418.263042         0.987364 
     6418.273042         0.990000 
     6418.283041         0.994733 
     6418.293041         0.998052 
     6418.303041         0.998513 
     6418.313041         0.997035 
     6418.323041         0.994418 
     6418.333040         0.993343 
     6418.343040         0.995029 
     6418.353040         0.996498 
     6418.363040         0.997144 
     6418.373040         0.997208 
     6418.383039         0.997336 
     6418.393039         0.998994 
     6418.403039         1.001963 
     6418.413039         1.002296 
     6418.423039         1.000056 
     6418.433038         0.999345 
     6418.443038         1.000195 
     6418.453038         0.999407 
     6418.463038         0.997755 
     6418.473038         0.999569 
     6418.483037         1.003275 
     6418.493037         1.003782 
     6418.503037         1.001285 
     6418.513037         0.999201 
     6418.523037         0.998672 
     6418.533036         1.001133 
     6418.543036         1.004696 
     6418.553036         1.005335 
     6418.563036         1.004520 
     6418.573036         1.004979 
     6418.583035         1.004700 
     6418.593035         1.000661 
     6418.603035         0.996741 
     6418.613035         0.997843 
     6418.623035         1.000231 
     6418.633034         0.999121 
     6418.643034         0.996634 
     6418.653034         0.995464 
     6418.663034         0.995009 
     6418.673034         0.995250 
     6418.683033         0.997072 
     6418.693033         1.000774 
     6418.703033         1.002515 
     6418.713033         1.000156 
     6418.723033         0.996451 
     6418.733032         0.993697 
     6418.743032         0.995075 
     6418.753032         1.001358 
     6418.763032         1.004705 
     6418.773032         1.001987 
     6418.783032         0.999293 
     6418.793031         0.998543 
     6418.803031         0.997693 
     6418.813031         0.996389 
     6418.823031         0.996660 
     6418.833031         0.998519 
     6418.843030         1.000117 
     6418.853030         1.000408 
     6418.863030         0.998468 
     6418.873030         0.995339 
     6418.883030         0.994864 
     6418.893029         0.997511 
     6418.903029         1.001363 
     6418.913029         1.004333 
     6418.923029         1.000795 
     6418.933029         0.993838 
     6418.943028         0.991225 
     6418.953028         0.991969 
     6418.963028         0.991218 
     6418.973028         0.990729 
     6418.983028         0.993536 
     6418.993027         0.997624 
     6419.003027         0.998792 
     6419.013027         0.997703 
     6419.023027         0.995536 
     6419.033027         0.993238 
     6419.043026         0.991448 
     6419.053026         0.990129 
     6419.063026         0.988917 
     6419.073026         0.987619 
     6419.083026         0.985806 
     6419.093025         0.985265 
     6419.103025         0.987098 
     6419.113025         0.988807 
     6419.123025         0.988960 
     6419.133025         0.990175 
     6419.143024         0.993921 
     6419.153024         0.998599 
     6419.163024         1.002603 
     6419.173024         1.002536 
     6419.183024         0.997766 
     6419.193023         0.997044 
     6419.203023         1.002301 
     6419.213023         1.006222 
     6419.223023         1.006572 
     6419.233023         1.004518 
     6419.243022         1.001798 
     6419.253022         1.003342 
     6419.263022         1.007646 
     6419.273022         1.004197 
     6419.283022         0.995382 
     6419.293021         0.995194 
     6419.303021         1.001573 
     6419.313021         1.001261 
     6419.323021         0.995751 
     6419.333021         0.993351 
     6419.343020         0.993942 
     6419.353020         0.995253 
     6419.363020         0.996793 
     6419.373020         0.998487 
     6419.383020         0.999942 
     6419.393019         1.000900 
     6419.403019         1.002109 
     6419.413019         1.004525 
     6419.423019         1.005643 
     6419.433019         1.002218 
     6419.443018         0.999455 
     6419.453018         1.002256 
     6419.463018         1.004994 
     6419.473018         1.002768 
     6419.483018         0.999865 
     6419.493017         0.998834 
     6419.503017         0.997851 
     6419.513017         0.994947 
     6419.523017         0.992502 
     6419.533017         0.991331 
     6419.543016         0.989235 
     6419.553016         0.984704 
     6419.563016         0.978089 
     6419.573016         0.969759 
     6419.583016         0.963468 
     6419.593015         0.959397 
     6419.603015         0.953077 
     6419.613015         0.943659 
     6419.623015         0.934632 
     6419.633015         0.927344 
     6419.643014         0.922157 
     6419.653014         0.919723 
     6419.663014         0.921759 
     6419.673014         0.927753 
     6419.683014         0.935457 
     6419.693014         0.943455 
     6419.703013         0.949415 
     6419.713013         0.954010 
     6419.723013         0.958993 
     6419.733013         0.963543 
     6419.743013         0.965301 
     6419.753012         0.964584 
     6419.763012         0.962247 
     6419.773012         0.958882 
     6419.783012         0.955495 
     6419.793012         0.950524 
     6419.803011         0.942688 
     6419.813011         0.932347 
     6419.823011         0.919843 
     6419.833011         0.900376 
     6419.843011         0.870030 
     6419.853010         0.837196 
     6419.863010         0.807816 
     6419.873010         0.774108 
     6419.883010         0.731483 
     6419.893010         0.687386 
     6419.903009         0.645513 
     6419.913009         0.605333 
     6419.923009         0.567238 
