     6032.330676         0.997150 
     6032.340676         0.995179 
     6032.350675         0.992989 
     6032.360675         0.992922 
     6032.370675         0.995565 
     6032.380675         0.998520 
     6032.390675         1.000468 
     6032.400674         0.999723 
     6032.410674         0.997603 
     6032.420674         0.997540 
     6032.430674         0.999198 
     6032.440674         1.000944 
     6032.450673         1.000789 
     6032.460673         0.996609 
     6032.470673         0.993314 
     6032.480673         0.994825 
     6032.490673         0.999166 
     6032.500672         1.004882 
     6032.510672         1.007016 
     6032.520672         1.004885 
     6032.530672         1.001903 
     6032.540672         0.999602 
     6032.550671         0.999309 
     6032.560671         1.000652 
     6032.570671         1.002081 
     6032.580671         1.001384 
     6032.590671         0.995773 
     6032.600670         0.990647 
     6032.610670         0.992135 
     6032.620670         0.995967 
     6032.630670         0.998377 
     6032.640670         0.999106 
     6032.650669         0.998639 
     6032.660669         0.999062 
     6032.670669         1.000308 
     6032.680669         0.997450 
     6032.690669         0.991607 
     6032.700669         0.989196 
     6032.710668         0.990651 
     6032.720668         0.994094 
     6032.730668         0.996058 
     6032.740668         0.992262 
     6032.750668         0.989504 
     6032.760667         0.995122 
     6032.770667         1.000465 
     6032.780667         1.000289 
     6032.790667         0.998784 
     6032.800667         0.998366 
     6032.810666         0.999053 
     6032.820666         1.000998 
     6032.830666         1.004121 
     6032.840666         1.008049 
     6032.850666         1.011618 
     6032.860665         1.011436 
     6032.870665         1.001631 
     6032.880665         0.993971 
     6032.890665         1.004126 
     6032.900665         1.013367 
     6032.910664         1.004139 
     6032.920664         0.996579 
     6032.930664         1.002867 
     6032.940664         1.005351 
     6032.950664         0.998332 
     6032.960663         0.996523 
     6032.970663         1.001727 
     6032.980663         1.000800 
     6032.990663         0.995131 
     6033.000663         0.994672 
     6033.010662         0.998283 
     6033.020662         1.000109 
     6033.030662         1.000074 
     6033.040662         0.998213 
     6033.050662         0.997078 
     6033.060661         0.998378 
     6033.070661         0.997626 
     6033.080661         0.992943 
     6033.090661         0.990060 
     6033.100661         0.991419 
     6033.110660         0.996145 
     6033.120660         1.001689 
     6033.130660         1.000194 
     6033.140660         0.994601 
     6033.150660         0.994507 
     6033.160659         0.998499 
     6033.170659         1.002407 
     6033.180659         1.005174 
     6033.190659         1.005787 
     6033.200659         1.004464 
     6033.210658         1.001614 
     6033.220658         0.997628 
     6033.230658         0.993431 
     6033.240658         0.993766 
     6033.250658         0.998697 
     6033.260657         1.001834 
     6033.270657         1.001976 
     6033.280657         0.997926 
     6033.290657         0.993100 
     6033.300657         0.993156 
     6033.310656         0.996682 
     6033.320656         1.001105 
     6033.330656         1.002806 
     6033.340656         0.999157 
     6033.350656         0.998521 
     6033.360655         1.004729 
     6033.370655         1.004996 
     6033.380655         0.996359 
     6033.390655         0.994188 
     6033.400655         0.999374 
     6033.410654         0.999124 
     6033.420654         0.995367 
     6033.430654         0.998626 
     6033.440654         1.004277 
     6033.450654         1.002460 
     6033.460653         0.997400 
     6033.470653         0.994315 
     6033.480653         0.992713 
     6033.490653         0.992228 
     6033.500653         0.993253 
     6033.510652         0.995683 
     6033.520652         0.996880 
     6033.530652         0.995148 
     6033.540652         0.991866 
     6033.550652         0.988826 
     6033.560651         0.989513 
     6033.570651         0.992180 
     6033.580651         0.991809 
     6033.590651         0.990763 
     6033.600651         0.992284 
     6033.610651         0.993671 
     6033.620650         0.992606 
     6033.630650         0.991847 
     6033.640650         0.993037 
     6033.650650         0.993495 
     6033.660650         0.992681 
     6033.670649         0.994368 
     6033.680649         0.997836 
     6033.690649         0.997068 
     6033.700649         0.994409 
     6033.710649         0.997295 
     6033.720648         1.001954 
     6033.730648         1.000614 
     6033.740648         0.997464 
     6033.750648         0.997314 
     6033.760648         0.998218 
     6033.770647         0.997504 
     6033.780647         0.996957 
     6033.790647         0.997658 
     6033.800647         0.999834 
     6033.810647         1.002595 
     6033.820646         1.001693 
     6033.830646         0.998372 
     6033.840646         0.997948 
     6033.850646         0.999667 
     6033.860646         1.000416 
     6033.870645         1.000752 
     6033.880645         1.001199 
     6033.890645         0.999599 
     6033.900645         0.994370 
     6033.910645         0.992396 
     6033.920644         0.996594 
     6033.930644         0.998645 
     6033.940644         0.995436 
     6033.950644         0.986447 
     6033.960644         0.975060 
     6033.970643         0.970677 
     6033.980643         0.969179 
     6033.990643         0.958797 
     6034.000643         0.947775 
     6034.010643         0.947018 
     6034.020642         0.947522 
     6034.030642         0.940221 
     6034.040642         0.934152 
     6034.050642         0.935186 
     6034.060642         0.940088 
     6034.070641         0.947034 
     6034.080641         0.953861 
     6034.090641         0.960696 
     6034.100641         0.969581 
     6034.110641         0.978519 
     6034.120640         0.981742 
     6034.130640         0.982524 
     6034.140640         0.986682 
     6034.150640         0.992185 
     6034.160640         0.996467 
     6034.170639         0.999131 
     6034.180639         1.000078 
     6034.190639         0.999901 
     6034.200639         0.999049 
     6034.210639         0.999289 
     6034.220638         0.999621 
     6034.230638         0.995314 
     6034.240638         0.990824 
     6034.250638         0.997323 
     6034.260638         1.006396 
     6034.270637         1.000905 
     6034.280637         0.993795 
     6034.290637         1.000362 
     6034.300637         1.006733 
     6034.310637         1.002719 
     6034.320636         0.998282 
     6034.330636         0.998811 
     6034.340636         1.001134 
     6034.350636         1.003607 
     6034.360636         1.002514 
     6034.370635         0.999198 
     6034.380635         0.998486 
     6034.390635         1.000325 
     6034.400635         1.002512 
     6034.410635         1.002888 
     6034.420634         0.999046 
     6034.430634         0.996641 
     6034.440634         0.999561 
     6034.450634         1.001852 
     6034.460634         1.000572 
     6034.470633         0.997763 
     6034.480633         0.994428 
     6034.490633         0.995398 
     6034.500633         0.998801 
     6034.510633         0.996328 
     6034.520633         0.990921 
     6034.530632         0.989702 
     6034.540632         0.991641 
     6034.550632         0.994446 
     6034.560632         0.997334 
     6034.570632         0.999849 
     6034.580631         0.998757 
     6034.590631         0.993856 
     6034.600631         0.995013 
     6034.610631         1.003306 
     6034.620631         1.007169 
     6034.630630         1.005121 
     6034.640630         1.001239 
     6034.650630         0.997940 
     6034.660630         0.997827 
     6034.670630         0.999968 
     6034.680629         1.002592 
     6034.690629         1.002981 
     6034.700629         0.998698 
     6034.710629         0.995494 
     6034.720629         0.996564 
     6034.730628         1.000404 
     6034.740628         1.005098 
     6034.750628         1.005565 
     6034.760628         1.002353 
     6034.770628         1.000554 
     6034.780627         0.999349 
     6034.790627         0.995322 
     6034.800627         0.993735 
     6034.810627         1.000807 
     6034.820627         1.004707 
     6034.830626         0.996340 
     6034.840626         0.990207 
     6034.850626         0.994147 
     6034.860626         0.999756 
     6034.870626         1.003030 
     6034.880625         1.000886 
     6034.890625         0.994818 
     6034.900625         0.990759 
     6034.910625         0.990718 
     6034.920625         0.994972 
     6034.930624         0.999568 
     6034.940624         0.999118 
     6034.950624         0.997120 
     6034.960624         0.996364 
     6034.970624         0.993641 
     6034.980623         0.988721 
     6034.990623         0.990560 
     6035.000623         0.999535 
     6035.010623         1.000277 
     6035.020623         0.994066 
     6035.030622         0.994419 
     6035.040622         0.999128 
     6035.050622         0.999566 
     6035.060622         0.997667 
     6035.070622         0.996834 
     6035.080621         0.996595 
     6035.090621         0.996856 
     6035.100621         0.997686 
     6035.110621         0.999219 
     6035.120621         0.998877 
     6035.130620         0.997069 
     6035.140620         0.995690 
     6035.150620         0.996025 
     6035.160620         0.997586 
     6035.170620         0.999877 
     6035.180619         1.001236 
     6035.190619         0.999120 
     6035.200619         0.991204 
     6035.210619         0.988952 
     6035.220619         0.999626 
     6035.230618         1.003760 
     6035.240618         0.994011 
     6035.250618         0.988841 
     6035.260618         0.991900 
     6035.270618         0.989460 
     6035.280617         0.981683 
     6035.290617         0.976176 
     6035.300617         0.972028 
     6035.310617         0.966389 
     6035.320617         0.960037 
     6035.330616         0.954275 
     6035.340616         0.951410 
     6035.350616         0.953322 
     6035.360616         0.958390 
     6035.370616         0.965370 
     6035.380615         0.969092 
     6035.390615         0.970400 
     6035.400615         0.977470 
     6035.410615         0.987647 
     6035.420615         0.990628 
     6035.430615         0.989340 
     6035.440614         0.990050 
     6035.450614         0.992334 
     6035.460614         0.995294 
     6035.470614         0.997136 
     6035.480614         0.996756 
     6035.490613         0.995362 
     6035.500613         0.994267 
     6035.510613         0.995433 
     6035.520613         0.999006 
     6035.530613         1.003344 
     6035.540612         1.006270 
     6035.550612         1.003849 
     6035.560612         0.999881 
     6035.570612         0.998350 
     6035.580612         0.998704 
     6035.590611         0.999783 
     6035.600611         1.000213 
     6035.610611         0.999193 
     6035.620611         0.997189 
     6035.630611         0.995585 
     6035.640610         0.997889 
     6035.650610         1.002466 
     6035.660610         1.001051 
     6035.670610         0.997648 
     6035.680610         1.001279 
     6035.690609         1.006853 
     6035.700609         1.007090 
     6035.710609         1.006523 
     6035.720609         1.009071 
     6035.730609         1.009518 
     6035.740608         1.005662 
     6035.750608         1.002460 
     6035.760608         1.001727 
     6035.770608         1.002408 
     6035.780608         1.004763 
     6035.790607         1.007372 
     6035.800607         1.007391 
     6035.810607         0.999861 
     6035.820607         0.993521 
     6035.830607         0.997290 
     6035.840606         1.003398 
     6035.850606         1.005268 
     6035.860606         1.001742 
     6035.870606         0.993845 
     6035.880606         0.990898 
     6035.890605         0.993753 
     6035.900605         0.996835 
     6035.910605         0.997863 
     6035.920605         0.995029 
     6035.930605         0.991932 
     6035.940604         0.994014 
     6035.950604         0.996862 
     6035.960604         0.996651 
     6035.970604         0.996397 
     6035.980604         0.997753 
     6035.990603         0.999082 
     6036.000603         0.999383 
     6036.010603         0.999930 
     6036.020603         1.000973 
     6036.030603         1.001394 
     6036.040602         1.001331 
     6036.050602         1.000925 
     6036.060602         1.000103 
     6036.070602         0.999161 
     6036.080602         0.999127 
     6036.090601         1.000567 
     6036.100601         0.999874 
     6036.110601         0.996265 
     6036.120601         0.997117 
     6036.130601         1.002044 
     6036.140600         1.001193 
     6036.150600         0.995270 
     6036.160600         0.991025 
     6036.170600         0.989663 
     6036.180600         0.991861 
     6036.190599         0.994850 
     6036.200599         0.995915 
     6036.210599         0.994207 
     6036.220599         0.989650 
     6036.230599         0.991681 
     6036.240598         1.001153 
     6036.250598         1.001945 
     6036.260598         0.994577 
     6036.270598         0.992289 
     6036.280598         0.995148 
     6036.290597         0.998456 
     6036.300597         1.000003 
     6036.310597         0.998077 
     6036.320597         0.995847 
     6036.330597         0.996293 
     6036.340597         0.997202 
     6036.350596         0.997459 
     6036.360596         0.994635 
     6036.370596         0.988433 
     6036.380596         0.979326 
     6036.390596         0.970614 
     6036.400595         0.968462 
     6036.410595         0.968365 
     6036.420595         0.962175 
     6036.430595         0.954786 
     6036.440595         0.952299 
     6036.450594         0.950313 
     6036.460594         0.946454 
     6036.470594         0.945681 
     6036.480594         0.949618 
     6036.490594         0.956503 
     6036.500593         0.964438 
     6036.510593         0.969095 
     6036.520593         0.972574 
     6036.530593         0.979580 
     6036.540593         0.985392 
     6036.550592         0.984285 
     6036.560592         0.985256 
     6036.570592         0.994259 
     6036.580592         0.997417 
     6036.590592         0.990307 
     6036.600591         0.988789 
     6036.610591         0.994020 
     6036.620591         0.992831 
     6036.630591         0.986739 
     6036.640591         0.985920 
     6036.650590         0.989872 
     6036.660590         0.997297 
     6036.670590         1.000734 
     6036.680590         0.994683 
     6036.690590         0.993716 
     6036.700589         1.004546 
     6036.710589         1.009715 
     6036.720589         1.004438 
     6036.730589         0.997671 
     6036.740589         0.993583 
     6036.750588         0.996502 
     6036.760588         1.002161 
     6036.770588         1.002515 
     6036.780588         1.001826 
     6036.790588         1.005285 
     6036.800587         1.007531 
     6036.810587         1.004775 
     6036.820587         1.001845 
     6036.830587         1.000497 
     6036.840587         0.997664 
     6036.850586         0.994362 
     6036.860586         0.996307 
     6036.870586         1.001381 
     6036.880586         1.004505 
     6036.890586         1.004943 
     6036.900585         1.002454 
     6036.910585         1.001022 
     6036.920585         1.003356 
     6036.930585         1.002810 
     6036.940585         0.997651 
     6036.950584         0.998167 
     6036.960584         1.004174 
     6036.970584         0.999863 
     6036.980584         0.989763 
     6036.990584         0.991160 
     6037.000583         0.999394 
     6037.010583         1.004079 
     6037.020583         1.003906 
     6037.030583         0.999283 
     6037.040583         0.996702 
     6037.050582         0.999459 
     6037.060582         1.000321 
     6037.070582         0.997768 
     6037.080582         0.996032 
     6037.090582         0.995286 
     6037.100581         0.995402 
     6037.110581         0.997524 
     6037.120581         1.003256 
     6037.130581         1.007386 
     6037.140581         1.004902 
     6037.150580         1.001330 
     6037.160580         1.001033 
     6037.170580         1.001597 
     6037.180580         1.001908 
     6037.190580         1.000951 
     6037.200579         0.999266 
     6037.210579         0.999235 
     6037.220579         1.000844 
     6037.230579         1.003029 
     6037.240579         1.003125 
     6037.250579         0.998681 
     6037.260578         0.997451 
     6037.270578         1.004923 
     6037.280578         1.010146 
     6037.290578         1.008578 
     6037.300578         1.003679 
     6037.310577         0.997087 
     6037.320577         0.994245 
     6037.330577         0.995283 
     6037.340577         0.998198 
     6037.350577         0.999579 
     6037.360576         0.995444 
     6037.370576         0.992301 
     6037.380576         0.995392 
     6037.390576         0.998377 
     6037.400576         0.998467 
     6037.410575         0.997809 
     6037.420575         0.997065 
     6037.430575         0.994738 
     6037.440575         0.991990 
     6037.450575         0.992127 
     6037.460574         0.992618 
     6037.470574         0.989273 
     6037.480574         0.987903 
     6037.490574         0.993404 
     6037.500574         0.999418 
     6037.510573         1.002048 
     6037.520573         1.000974 
     6037.530573         0.997769 
     6037.540573         0.996332 
     6037.550573         0.996867 
     6037.560572         0.996216 
     6037.570572         0.995586 
     6037.580572         0.997236 
     6037.590572         0.999521 
     6037.600572         1.000244 
     6037.610571         0.999633 
     6037.620571         0.998165 
     6037.630571         0.997558 
     6037.640571         0.998312 
     6037.650571         0.997546 
     6037.660570         0.995245 
     6037.670570         0.993218 
     6037.680570         0.993481 
     6037.690570         0.998256 
     6037.700570         1.001901 
     6037.710569         0.998722 
     6037.720569         0.996223 
     6037.730569         0.998680 
     6037.740569         0.998560 
     6037.750569         0.994898 
     6037.760568         0.996954 
     6037.770568         1.004097 
     6037.780568         1.006166 
     6037.790568         1.003128 
     6037.800568         0.997500 
     6037.810567         0.994648 
     6037.820567         0.999445 
     6037.830567         1.000350 
     6037.840567         0.991528 
     6037.850567         0.989976 
     6037.860566         0.999697 
     6037.870566         1.002085 
     6037.880566         0.996716 
     6037.890566         0.996336 
     6037.900566         0.999474 
     6037.910565         1.000031 
     6037.920565         0.999926 
     6037.930565         1.001314 
     6037.940565         1.002483 
     6037.950565         1.001813 
     6037.960564         1.000574 
     6037.970564         1.000057 
     6037.980564         1.003265 
     6037.990564         1.007576 
     6038.000564         1.003624 
     6038.010563         0.996095 
     6038.020563         0.994399 
     6038.030563         0.996174 
     6038.040563         0.996795 
     6038.050563         0.996680 
     6038.060562         0.995929 
     6038.070562         0.994664 
     6038.080562         0.993671 
     6038.090562         0.996165 
     6038.100562         1.000803 
     6038.110561         1.000800 
     6038.120561         0.998940 
     6038.130561         1.001817 
     6038.140561         1.004048 
     6038.150561         0.999708 
     6038.160561         0.995339 
     6038.170560         0.995544 
     6038.180560         0.995413 
     6038.190560         0.993727 
     6038.200560         0.994815 
     6038.210560         0.999453 
     6038.220559         1.005431 
     6038.230559         1.008877 
     6038.240559         1.003342 
     6038.250559         0.997044 
     6038.260559         0.999490 
     6038.270558         1.001990 
     6038.280558         0.999814 
     6038.290558         0.999164 
     6038.300558         1.001459 
     6038.310558         0.997830 
     6038.320557         0.990926 
     6038.330557         0.994491 
