     5124.358636         0.989702 
     5124.368636         0.988737 
     5124.378636         0.988736 
     5124.388636         0.981561 
     5124.398635         0.976909 
     5124.408635         0.985672 
     5124.418635         0.990774 
     5124.428635         0.993647 
     5124.438635         0.992431 
     5124.448634         0.994481 
     5124.458634         0.999879 
     5124.468634         1.003139 
     5124.478634         1.000723 
     5124.488634         0.998038 
     5124.498633         0.997636 
     5124.508633         0.995435 
     5124.518633         0.989640 
     5124.528633         0.980446 
     5124.538633         0.968129 
     5124.548632         0.950752 
     5124.558632         0.932704 
     5124.568632         0.911567 
     5124.578632         0.883007 
     5124.588632         0.864682 
     5124.598631         0.854762 
     5124.608631         0.839834 
     5124.618631         0.832787 
     5124.628631         0.838250 
     5124.638631         0.850321 
     5124.648630         0.869677 
     5124.658630         0.892503 
     5124.668630         0.909392 
     5124.678630         0.922681 
     5124.688630         0.935507 
     5124.698629         0.945298 
     5124.708629         0.952522 
     5124.718629         0.962474 
     5124.728629         0.965437 
     5124.738629         0.962968 
     5124.748629         0.963631 
     5124.758628         0.962626 
     5124.768628         0.958571 
     5124.778628         0.960779 
     5124.788628         0.964788 
     5124.798628         0.960379 
     5124.808627         0.957858 
     5124.818627         0.963008 
     5124.828627         0.968607 
     5124.838627         0.966044 
     5124.848627         0.964271 
     5124.858626         0.965386 
     5124.868626         0.964417 
     5124.878626         0.965317 
     5124.888626         0.963321 
     5124.898626         0.951254 
     5124.908625         0.943282 
     5124.918625         0.944282 
     5124.928625         0.943709 
     5124.938625         0.939980 
     5124.948625         0.935177 
     5124.958624         0.929088 
     5124.968624         0.918091 
     5124.978624         0.906551 
     5124.988624         0.894624 
     5124.998624         0.876474 
     5125.008623         0.844356 
     5125.018623         0.804985 
     5125.028623         0.766767 
     5125.038623         0.723396 
     5125.048623         0.669813 
     5125.058622         0.607324 
     5125.068622         0.545502 
     5125.078622         0.485409 
     5125.088622         0.427505 
     5125.098622         0.378337 
     5125.108621         0.342439 
     5125.118621         0.315743 
     5125.128621         0.303216 
     5125.138621         0.311076 
     5125.148621         0.333419 
     5125.158620         0.364320 
     5125.168620         0.393848 
     5125.178620         0.420585 
     5125.188620         0.441428 
     5125.198620         0.450775 
     5125.208619         0.455780 
     5125.218619         0.458511 
     5125.228619         0.466081 
     5125.238619         0.481501 
     5125.248619         0.506109 
     5125.258618         0.542688 
     5125.268618         0.587779 
     5125.278618         0.642393 
     5125.288618         0.696241 
     5125.298618         0.746038 
     5125.308617         0.791433 
     5125.318617         0.831476 
     5125.328617         0.865373 
     5125.338617         0.896202 
     5125.348617         0.920199 
     5125.358616         0.936626 
     5125.368616         0.950890 
     5125.378616         0.961154 
     5125.388616         0.966697 
     5125.398616         0.970590 
     5125.408615         0.978958 
     5125.418615         0.975385 
     5125.428615         0.968063 
     5125.438615         0.964497 
     5125.448615         0.958113 
     5125.458614         0.956850 
     5125.468614         0.952601 
     5125.478614         0.940327 
     5125.488614         0.936515 
     5125.498614         0.941821 
     5125.508613         0.943260 
     5125.518613         0.943738 
     5125.528613         0.943851 
     5125.538613         0.949264 
     5125.548613         0.952937 
     5125.558612         0.948235 
     5125.568612         0.946118 
     5125.578612         0.949264 
     5125.588612         0.946310 
     5125.598612         0.943627 
     5125.608611         0.941712 
     5125.618611         0.939894 
     5125.628611         0.941705 
     5125.638611         0.945549 
     5125.648611         0.939958 
     5125.658611         0.936685 
     5125.668610         0.941546 
     5125.678610         0.947896 
     5125.688610         0.949478 
     5125.698610         0.946062 
     5125.708610         0.952337 
     5125.718609         0.953058 
     5125.728609         0.952342 
     5125.738609         0.954516 
     5125.748609         0.960792 
     5125.758609         0.968479 
     5125.768608         0.964704 
     5125.778608         0.960513 
     5125.788608         0.959652 
     5125.798608         0.953531 
     5125.808608         0.941164 
     5125.818607         0.932771 
     5125.828607         0.929583 
     5125.838607         0.931628 
     5125.848607         0.931289 
     5125.858607         0.937469 
     5125.868606         0.948618 
     5125.878606         0.954144 
     5125.888606         0.958554 
     5125.898606         0.967313 
     5125.908606         0.965458 
     5125.918605         0.962236 
     5125.928605         0.967829 
     5125.938605         0.961474 
     5125.948605         0.947054 
     5125.958605         0.948976 
     5125.968604         0.948128 
     5125.978604         0.936245 
     5125.988604         0.940575 
     5125.998604         0.943373 
     5126.008604         0.935036 
     5126.018603         0.937787 
     5126.028603         0.945221 
     5126.038603         0.946922 
     5126.048603         0.931282 
     5126.058603         0.912775 
     5126.068602         0.906175 
     5126.078602         0.889135 
     5126.088602         0.864850 
     5126.098602         0.836311 
     5126.108602         0.804460 
     5126.118601         0.768548 
     5126.128601         0.731442 
     5126.138601         0.686979 
     5126.148601         0.635070 
     5126.158601         0.584057 
     5126.168600         0.537316 
     5126.178600         0.499007 
     5126.188600         0.473735 
     5126.198600         0.463822 
     5126.208600         0.473464 
     5126.218599         0.506578 
     5126.228599         0.552212 
     5126.238599         0.599637 
     5126.248599         0.657121 
     5126.258599         0.718070 
     5126.268598         0.767407 
     5126.278598         0.811279 
     5126.288598         0.852304 
     5126.298598         0.888132 
     5126.308598         0.917754 
     5126.318597         0.942587 
     5126.328597         0.964058 
     5126.338597         0.978639 
     5126.348597         0.986661 
     5126.358597         0.999840 
     5126.368596         1.008275 
     5126.378596         1.005507 
     5126.388596         1.008085 
     5126.398596         1.012951 
     5126.408596         1.010771 
     5126.418595         1.010970 
     5126.428595         1.015069 
     5126.438595         1.019861 
     5126.448595         1.010742 
     5126.458595         0.995029 
     5126.468594         0.999202 
     5126.478594         1.001104 
     5126.488594         0.992080 
     5126.498594         0.996950 
     5126.508594         0.999418 
     5126.518593         0.996369 
     5126.528593         0.997673 
     5126.538593         0.999239 
     5126.548593         0.997539 
     5126.558593         0.997224 
     5126.568593         1.002304 
     5126.578592         1.005411 
     5126.588592         1.002280 
     5126.598592         0.996134 
     5126.608592         0.994068 
     5126.618592         0.994336 
     5126.628591         0.986943 
     5126.638591         0.969551 
     5126.648591         0.966118 
     5126.658591         0.977098 
     5126.668591         0.970499 
     5126.678590         0.963479 
     5126.688590         0.966397 
     5126.698590         0.964440 
     5126.708590         0.963018 
     5126.718590         0.968459 
     5126.728589         0.973489 
     5126.738589         0.975077 
     5126.748589         0.974797 
     5126.758589         0.985289 
     5126.768589         0.994353 
     5126.778588         0.991335 
     5126.788588         0.985166 
     5126.798588         0.977702 
     5126.808588         0.967310 
     5126.818588         0.962876 
     5126.828587         0.964171 
     5126.838587         0.963663 
     5126.848587         0.960357 
     5126.858587         0.955852 
     5126.868587         0.955346 
     5126.878586         0.959497 
     5126.888586         0.963818 
     5126.898586         0.965033 
     5126.908586         0.966917 
     5126.918586         0.971254 
     5126.928585         0.965478 
     5126.938585         0.958873 
     5126.948585         0.964560 
     5126.958585         0.967252 
     5126.968585         0.963873 
     5126.978584         0.959762 
     5126.988584         0.959080 
     5126.998584         0.962889 
     5127.008584         0.967161 
     5127.018584         0.972293 
     5127.028583         0.977622 
     5127.038583         0.973780 
     5127.048583         0.972653 
     5127.058583         0.980254 
     5127.068583         0.987441 
     5127.078582         0.989642 
     5127.088582         0.987626 
     5127.098582         0.986470 
     5127.108582         0.990120 
     5127.118582         0.993058 
     5127.128581         0.989510 
     5127.138581         0.984978 
     5127.148581         0.985969 
     5127.158581         0.985250 
     5127.168581         0.980900 
     5127.178580         0.975586 
     5127.188580         0.974056 
     5127.198580         0.974892 
     5127.208580         0.967672 
     5127.218580         0.953828 
     5127.228579         0.939735 
     5127.238579         0.936449 
     5127.248579         0.923450 
     5127.258579         0.889476 
     5127.268579         0.851284 
     5127.278578         0.802735 
     5127.288578         0.738312 
     5127.298578         0.670583 
     5127.308578         0.598451 
     5127.318578         0.518306 
     5127.328577         0.440654 
     5127.338577         0.372833 
     5127.348577         0.322614 
     5127.358577         0.296870 
     5127.368577         0.291206 
     5127.378576         0.297511 
     5127.388576         0.332132 
     5127.398576         0.395926 
     5127.408576         0.470453 
     5127.418576         0.554489 
     5127.428575         0.644041 
     5127.438575         0.725727 
     5127.448575         0.793367 
     5127.458575         0.846859 
     5127.468575         0.894086 
     5127.478575         0.927934 
     5127.488574         0.942755 
     5127.498574         0.961046 
     5127.508574         0.979895 
     5127.518574         0.988606 
     5127.528574         0.997325 
     5127.538573         1.000122 
     5127.548573         0.991005 
     5127.558573         0.993685 
     5127.568573         1.001161 
     5127.578573         0.991264 
     5127.588572         0.979481 
     5127.598572         0.973818 
     5127.608572         0.969652 
     5127.618572         0.952293 
     5127.628572         0.924080 
     5127.638571         0.908882 
     5127.648571         0.888328 
     5127.658571         0.854333 
     5127.668571         0.826267 
     5127.678571         0.812656 
     5127.688570         0.814809 
     5127.698570         0.823051 
     5127.708570         0.837844 
     5127.718570         0.859993 
     5127.728570         0.881417 
     5127.738569         0.904496 
     5127.748569         0.931461 
     5127.758569         0.947426 
     5127.768569         0.955594 
     5127.778569         0.967480 
     5127.788568         0.976632 
     5127.798568         0.979618 
     5127.808568         0.976259 
     5127.818568         0.967180 
     5127.828568         0.953573 
     5127.838567         0.938293 
     5127.848567         0.933177 
     5127.858567         0.938474 
     5127.868567         0.936055 
     5127.878567         0.934329 
     5127.888566         0.938492 
     5127.898566         0.940328 
     5127.908566         0.941501 
     5127.918566         0.944806 
     5127.928566         0.950215 
     5127.938565         0.956174 
     5127.948565         0.960199 
     5127.958565         0.957877 
     5127.968565         0.955512 
     5127.978565         0.959584 
     5127.988564         0.954098 
     5127.998564         0.942559 
     5128.008564         0.936655 
     5128.018564         0.924271 
     5128.028564         0.905876 
     5128.038563         0.892416 
     5128.048563         0.881168 
     5128.058563         0.869873 
     5128.068563         0.858317 
     5128.078563         0.852036 
     5128.088562         0.854449 
     5128.098562         0.865278 
     5128.108562         0.871301 
     5128.118562         0.870795 
     5128.128562         0.886515 
     5128.138561         0.901152 
     5128.148561         0.900014 
     5128.158561         0.900289 
     5128.168561         0.907949 
     5128.178561         0.920573 
     5128.188560         0.920090 
     5128.198560         0.917264 
     5128.208560         0.927907 
     5128.218560         0.934441 
     5128.228560         0.939849 
     5128.238559         0.953376 
     5128.248559         0.951617 
     5128.258559         0.941611 
     5128.268559         0.949258 
     5128.278559         0.953845 
     5128.288558         0.949515 
     5128.298558         0.946818 
     5128.308558         0.947065 
     5128.318558         0.950103 
     5128.328558         0.956057 
     5128.338557         0.965161 
     5128.348557         0.972083 
     5128.358557         0.956987 
     5128.368557         0.952495 
     5128.378557         0.974380 
     5128.388557         0.980932 
     5128.398556         0.976240 
     5128.408556         0.972126 
     5128.418556         0.966523 
     5128.428556         0.960173 
     5128.438556         0.953938 
     5128.448555         0.944946 
     5128.458555         0.934171 
     5128.468555         0.924609 
     5128.478555         0.920183 
     5128.488555         0.920190 
     5128.498554         0.921101 
     5128.508554         0.921963 
     5128.518554         0.924103 
     5128.528554         0.929577 
     5128.538554         0.934718 
     5128.548553         0.940220 
     5128.558553         0.951005 
     5128.568553         0.958658 
     5128.578553         0.961264 
     5128.588553         0.965545 
     5128.598552         0.968186 
     5128.608552         0.968615 
     5128.618552         0.971343 
     5128.628552         0.972942 
     5128.638552         0.971734 
     5128.648551         0.973402 
     5128.658551         0.975090 
     5128.668551         0.974625 
     5128.678551         0.978047 
     5128.688551         0.985072 
     5128.698550         0.991468 
     5128.708550         0.987369 
     5128.718550         0.980652 
     5128.728550         0.983384 
     5128.738550         0.989305 
     5128.748549         0.993062 
     5128.758549         0.991115 
     5128.768549         0.989657 
     5128.778549         0.987043 
     5128.788549         0.977967 
     5128.798548         0.976098 
     5128.808548         0.982319 
     5128.818548         0.984254 
     5128.828548         0.974737 
     5128.838548         0.961227 
     5128.848547         0.966327 
     5128.858547         0.971635 
     5128.868547         0.967001 
     5128.878547         0.961321 
     5128.888547         0.960552 
     5128.898546         0.964922 
     5128.908546         0.964705 
     5128.918546         0.961697 
     5128.928546         0.960073 
     5128.938546         0.964690 
     5128.948545         0.969433 
     5128.958545         0.968195 
     5128.968545         0.964626 
     5128.978545         0.962957 
     5128.988545         0.965020 
     5128.998544         0.965131 
     5129.008544         0.961270 
     5129.018544         0.954611 
     5129.028544         0.950190 
     5129.038544         0.944213 
     5129.048543         0.928721 
     5129.058543         0.905363 
     5129.068543         0.875498 
     5129.078543         0.838746 
     5129.088543         0.792085 
     5129.098542         0.733068 
     5129.108542         0.662281 
     5129.118542         0.595633 
     5129.128542         0.539855 
     5129.138542         0.490961 
     5129.148541         0.454097 
     5129.158541         0.433368 
     5129.168541         0.431287 
     5129.178541         0.451419 
     5129.188541         0.492978 
     5129.198540         0.547660 
     5129.208540         0.611555 
     5129.218540         0.679283 
     5129.228540         0.739720 
     5129.238540         0.787235 
     5129.248539         0.821783 
     5129.258539         0.853045 
     5129.268539         0.869750 
     5129.278539         0.862536 
     5129.288539         0.852013 
     5129.298539         0.830969 
     5129.308538         0.788834 
     5129.318538         0.737381 
     5129.328538         0.682005 
     5129.338538         0.625636 
     5129.348538         0.576701 
     5129.358537         0.538650 
     5129.368537         0.513786 
     5129.378537         0.509883 
     5129.388537         0.526827 
     5129.398537         0.559226 
     5129.408536         0.607320 
     5129.418536         0.666431 
     5129.428536         0.726695 
     5129.438536         0.789066 
     5129.448536         0.846563 
     5129.458535         0.882850 
     5129.468535         0.909273 
     5129.478535         0.932030 
     5129.488535         0.946274 
     5129.498535         0.955279 
     5129.508534         0.957826 
     5129.518534         0.943051 
     5129.528534         0.924752 
     5129.538534         0.909752 
     5129.548534         0.882611 
     5129.558533         0.851375 
     5129.568533         0.822037 
     5129.578533         0.780483 
     5129.588533         0.736932 
     5129.598533         0.701516 
     5129.608532         0.665914 
     5129.618532         0.638344 
     5129.628532         0.629022 
     5129.638532         0.633280 
     5129.648532         0.648703 
     5129.658531         0.674744 
     5129.668531         0.714203 
     5129.678531         0.760241 
     5129.688531         0.802269 
     5129.698531         0.838774 
     5129.708530         0.870930 
     5129.718530         0.900629 
     5129.728530         0.926427 
     5129.738530         0.945235 
     5129.748530         0.953970 
     5129.758529         0.962464 
     5129.768529         0.971921 
     5129.778529         0.976684 
     5129.788529         0.983294 
     5129.798529         0.991776 
     5129.808528         0.994451 
     5129.818528         0.994580 
     5129.828528         0.993704 
     5129.838528         0.990599 
     5129.848528         0.990409 
     5129.858527         0.994367 
     5129.868527         0.998007 
     5129.878527         0.993499 
     5129.888527         0.983449 
     5129.898527         0.986199 
     5129.908526         0.990634 
     5129.918526         0.987382 
     5129.928526         0.983677 
     5129.938526         0.985114 
     5129.948526         0.992229 
     5129.958525         0.994181 
     5129.968525         0.994779 
     5129.978525         0.999310 
     5129.988525         1.004727 
     5129.998525         1.005935 
     5130.008524         1.000747 
     5130.018524         0.999467 
     5130.028524         1.003721 
     5130.038524         1.010158 
     5130.048524         1.009935 
     5130.058523         1.006773 
     5130.068523         1.007854 
     5130.078523         1.008073 
     5130.088523         1.005528 
     5130.098523         1.000697 
     5130.108522         1.000083 
     5130.118522         0.998751 
     5130.128522         0.988557 
     5130.138522         0.990470 
     5130.148522         0.999715 
     5130.158521         0.994759 
     5130.168521         0.990463 
     5130.178521         0.992788 
     5130.188521         0.996952 
     5130.198521         0.991069 
     5130.208521         0.976806 
     5130.218520         0.968005 
     5130.228520         0.958984 
     5130.238520         0.946774 
     5130.248520         0.933980 
     5130.258520         0.924176 
     5130.268519         0.916463 
     5130.278519         0.904666 
     5130.288519         0.891245 
     5130.298519         0.880320 
     5130.308519         0.873583 
     5130.318518         0.858168 
     5130.328518         0.833945 
     5130.338518         0.826442 
     5130.348518         0.816922 
     5130.358518         0.796708 
