     4528.610421         0.134664 
     4528.620420         0.125555 
     4528.630420         0.127702 
     4528.640420         0.139072 
     4528.650420         0.159838 
     4528.660420         0.196403 
     4528.670419         0.233635 
     4528.680419         0.275977 
     4528.690419         0.318621 
     4528.700419         0.346424 
     4528.710419         0.372897 
     4528.720418         0.387349 
     4528.730418         0.384612 
     4528.740418         0.374193 
     4528.750418         0.371478 
     4528.760418         0.370034 
     4528.770417         0.372239 
     4528.780417         0.382122 
     4528.790417         0.396383 
     4528.800417         0.405296 
     4528.810417         0.419156 
     4528.820416         0.446729 
     4528.830416         0.485508 
     4528.840416         0.523120 
     4528.850416         0.566230 
     4528.860416         0.622151 
     4528.870415         0.682511 
     4528.880415         0.729974 
     4528.890415         0.772903 
     4528.900415         0.809588 
     4528.910415         0.837241 
     4528.920414         0.857919 
     4528.930414         0.878335 
     4528.940414         0.898056 
     4528.950414         0.909199 
     4528.960414         0.912287 
     4528.970413         0.918376 
     4528.980413         0.929147 
     4528.990413         0.936714 
     4529.000413         0.939104 
     4529.010413         0.941662 
     4529.020412         0.947403 
     4529.030412         0.950273 
     4529.040412         0.947821 
     4529.050412         0.947914 
     4529.060412         0.955494 
     4529.070411         0.950568 
     4529.080411         0.951563 
     4529.090411         0.960181 
     4529.100411         0.962749 
     4529.110411         0.958301 
     4529.120410         0.964686 
     4529.130410         0.972806 
     4529.140410         0.971994 
     4529.150410         0.966922 
     4529.160410         0.965197 
     4529.170410         0.966818 
     4529.180409         0.968777 
     4529.190409         0.968820 
     4529.200409         0.967702 
     4529.210409         0.968236 
     4529.220409         0.969320 
     4529.230408         0.967530 
     4529.240408         0.962480 
     4529.250408         0.963181 
     4529.260408         0.964430 
     4529.270408         0.963999 
     4529.280407         0.965179 
     4529.290407         0.967726 
     4529.300407         0.961597 
     4529.310407         0.962956 
     4529.320407         0.968333 
     4529.330406         0.962652 
     4529.340406         0.971813 
     4529.350406         0.972552 
     4529.360406         0.964226 
     4529.370406         0.957563 
     4529.380405         0.946514 
     4529.390405         0.919899 
     4529.400405         0.888276 
     4529.410405         0.849086 
     4529.420405         0.790967 
     4529.430404         0.722400 
     4529.440404         0.640773 
     4529.450404         0.559490 
     4529.460404         0.487351 
     4529.470404         0.417584 
     4529.480403         0.367635 
     4529.490403         0.336357 
     4529.500403         0.321255 
     4529.510403         0.320003 
     4529.520403         0.322710 
     4529.530402         0.325105 
     4529.540402         0.332136 
     4529.550402         0.347964 
     4529.560402         0.374668 
     4529.570402         0.421373 
     4529.580401         0.476496 
     4529.590401         0.531992 
     4529.600401         0.584633 
     4529.610401         0.624252 
     4529.620401         0.629196 
     4529.630400         0.616332 
     4529.640400         0.590356 
     4529.650400         0.539614 
     4529.660400         0.495800 
     4529.670400         0.471871 
     4529.680399         0.466552 
     4529.690399         0.484162 
     4529.700399         0.538084 
     4529.710399         0.602187 
     4529.720399         0.678845 
     4529.730398         0.759960 
     4529.740398         0.821706 
     4529.750398         0.858392 
     4529.760398         0.886479 
     4529.770398         0.904054 
     4529.780397         0.907233 
     4529.790397         0.902172 
     4529.800397         0.881441 
     4529.810397         0.850828 
     4529.820397         0.821410 
     4529.830396         0.799094 
     4529.840396         0.782020 
     4529.850396         0.788448 
     4529.860396         0.802884 
     4529.870396         0.820764 
     4529.880395         0.857574 
     4529.890395         0.887176 
     4529.900395         0.917466 
     4529.910395         0.945381 
     4529.920395         0.959802 
     4529.930394         0.964552 
     4529.940394         0.975859 
     4529.950394         0.988648 
     4529.960394         0.995680 
     4529.970394         0.995705 
     4529.980393         0.989450 
     4529.990393         1.001728 
     4530.000393         1.005486 
     4530.010393         0.991106 
     4530.020393         1.001594 
     4530.030392         1.007087 
     4530.040392         1.004232 
     4530.050392         0.997471 
     4530.060392         0.991672 
     4530.070392         0.997142 
     4530.080392         1.000081 
     4530.090391         0.998417 
     4530.100391         0.994593 
     4530.110391         0.989887 
     4530.120391         0.990103 
     4530.130391         0.995101 
     4530.140390         1.000313 
     4530.150390         1.001514 
     4530.160390         1.000081 
     4530.170390         1.006052 
     4530.180390         1.006898 
     4530.190389         1.000820 
     4530.200389         0.999551 
     4530.210389         1.002032 
     4530.220389         1.001383 
     4530.230389         1.003175 
     4530.240388         1.007342 
     4530.250388         1.005870 
     4530.260388         1.006998 
     4530.270388         1.002534 
     4530.280388         0.996579 
     4530.290387         0.996763 
     4530.300387         0.994686 
     4530.310387         0.993738 
     4530.320387         0.997976 
     4530.330387         1.002156 
     4530.340386         0.998791 
     4530.350386         0.995838 
     4530.360386         0.995121 
     4530.370386         0.996277 
     4530.380386         0.996148 
     4530.390385         0.992506 
     4530.400385         0.993953 
     4530.410385         0.992489 
     4530.420385         0.982508 
     4530.430385         0.970475 
     4530.440384         0.965603 
     4530.450384         0.955169 
     4530.460384         0.948137 
     4530.470384         0.945781 
     4530.480384         0.939962 
     4530.490383         0.949849 
     4530.500383         0.959360 
     4530.510383         0.956029 
     4530.520383         0.952418 
     4530.530383         0.970771 
     4530.540382         0.981725 
     4530.550382         0.986176 
     4530.560382         0.983511 
     4530.570382         0.972628 
     4530.580382         0.968814 
     4530.590381         0.963795 
     4530.600381         0.947728 
     4530.610381         0.923938 
     4530.620381         0.898126 
     4530.630381         0.851134 
     4530.640380         0.793115 
     4530.650380         0.726546 
     4530.660380         0.656253 
     4530.670380         0.594602 
     4530.680380         0.524971 
     4530.690379         0.467809 
     4530.700379         0.426804 
     4530.710379         0.389476 
     4530.720379         0.360562 
     4530.730379         0.347050 
     4530.740378         0.354144 
     4530.750378         0.384232 
     4530.760378         0.436628 
     4530.770378         0.505634 
     4530.780378         0.573415 
     4530.790377         0.650268 
     4530.800377         0.729888 
     4530.810377         0.777381 
     4530.820377         0.816900 
     4530.830377         0.840703 
     4530.840376         0.848421 
     4530.850376         0.846107 
     4530.860376         0.825025 
     4530.870376         0.784850 
     4530.880376         0.735416 
     4530.890375         0.681449 
     4530.900375         0.621612 
     4530.910375         0.562225 
     4530.920375         0.505698 
     4530.930375         0.458182 
     4530.940374         0.429411 
     4530.950374         0.422819 
     4530.960374         0.429614 
     4530.970374         0.448839 
     4530.980374         0.483196 
     4530.990374         0.529042 
     4531.000373         0.575319 
     4531.010373         0.627139 
     4531.020373         0.672982 
     4531.030373         0.707037 
     4531.040373         0.728392 
     4531.050372         0.722783 
     4531.060372         0.702917 
     4531.070372         0.666088 
     4531.080372         0.608861 
     4531.090372         0.535934 
     4531.100371         0.452301 
     4531.110371         0.369348 
     4531.120371         0.298260 
     4531.130371         0.242987 
     4531.140371         0.201502 
     4531.150370         0.178370 
     4531.160370         0.177863 
     4531.170370         0.201338 
     4531.180370         0.247701 
     4531.190370         0.316274 
     4531.200369         0.400594 
     4531.210369         0.486669 
     4531.220369         0.572484 
     4531.230369         0.659223 
     4531.240369         0.727610 
     4531.250368         0.783089 
     4531.260368         0.834263 
     4531.270368         0.872357 
     4531.280368         0.887851 
     4531.290368         0.916248 
     4531.300367         0.936169 
     4531.310367         0.943387 
     4531.320367         0.950243 
     4531.330367         0.958049 
     4531.340367         0.963708 
     4531.350366         0.971858 
     4531.360366         0.978863 
     4531.370366         0.979301 
     4531.380366         0.980971 
     4531.390366         0.979029 
     4531.400365         0.980736 
     4531.410365         0.984908 
     4531.420365         0.983791 
     4531.430365         0.986191 
     4531.440365         0.985631 
     4531.450364         0.987362 
     4531.460364         0.989576 
     4531.470364         0.983808 
     4531.480364         0.985813 
     4531.490364         0.979371 
     4531.500363         0.970234 
     4531.510363         0.962717 
     4531.520363         0.937416 
     4531.530363         0.915357 
     4531.540363         0.883871 
     4531.550362         0.838098 
     4531.560362         0.782498 
     4531.570362         0.715901 
     4531.580362         0.651746 
     4531.590362         0.589176 
     4531.600361         0.524839 
     4531.610361         0.468156 
     4531.620361         0.439907 
     4531.630361         0.434151 
     4531.640361         0.454575 
     4531.650360         0.501435 
     4531.660360         0.565466 
     4531.670360         0.642726 
     4531.680360         0.718277 
     4531.690360         0.788072 
     4531.700359         0.847744 
     4531.710359         0.889371 
     4531.720359         0.921666 
     4531.730359         0.945477 
     4531.740359         0.963660 
     4531.750358         0.977095 
     4531.760358         0.981362 
     4531.770358         0.985119 
     4531.780358         0.984193 
     4531.790358         0.983667 
     4531.800357         0.989125 
     4531.810357         0.985264 
     4531.820357         0.982337 
     4531.830357         0.976917 
     4531.840357         0.974332 
     4531.850356         0.981409 
     4531.860356         0.976907 
     4531.870356         0.972773 
     4531.880356         0.966317 
     4531.890356         0.961351 
     4531.900356         0.969989 
     4531.910355         0.974566 
     4531.920355         0.977540 
     4531.930355         0.981013 
     4531.940355         0.982790 
     4531.950355         0.983609 
     4531.960354         0.994646 
     4531.970354         0.991653 
     4531.980354         0.989124 
     4531.990354         0.998578 
     4532.000354         0.990373 
     4532.010353         0.995403 
     4532.020353         0.990887 
     4532.030353         0.982249 
     4532.040353         0.987369 
     4532.050353         0.985016 
     4532.060352         0.991452 
     4532.070352         0.985058 
     4532.080352         0.973353 
     4532.090352         0.981090 
     4532.100352         0.982188 
     4532.110351         0.978973 
     4532.120351         0.978231 
     4532.130351         0.978246 
     4532.140351         0.976597 
     4532.150351         0.983464 
     4532.160350         0.984584 
     4532.170350         0.988183 
     4532.180350         0.996213 
     4532.190350         0.996724 
     4532.200350         1.001766 
     4532.210349         0.996090 
     4532.220349         0.993550 
     4532.230349         0.998346 
     4532.240349         0.991738 
     4532.250349         0.998591 
     4532.260348         0.998078 
     4532.270348         0.988265 
     4532.280348         0.984973 
     4532.290348         0.989335 
     4532.300348         0.978468 
     4532.310347         0.978607 
     4532.320347         0.986415 
     4532.330347         0.984860 
     4532.340347         0.988836 
     4532.350347         0.993121 
     4532.360346         0.997182 
     4532.370346         0.999308 
     4532.380346         0.999617 
     4532.390346         1.006181 
     4532.400346         1.006168 
     4532.410345         1.003724 
     4532.420345         1.002744 
     4532.430345         1.002403 
     4532.440345         1.006774 
     4532.450345         0.999402 
     4532.460344         0.996132 
     4532.470344         1.000001 
     4532.480344         0.999103 
     4532.490344         1.003646 
     4532.500344         1.000271 
     4532.510343         0.993931 
     4532.520343         0.993897 
     4532.530343         0.997354 
     4532.540343         0.999456 
     4532.550343         1.009988 
     4532.560342         1.008957 
     4532.570342         0.997177 
     4532.580342         1.003317 
     4532.590342         1.002955 
     4532.600342         0.999351 
     4532.610341         0.995363 
     4532.620341         0.993257 
     4532.630341         0.998788 
     4532.640341         1.003939 
     4532.650341         0.997958 
     4532.660340         0.995397 
     4532.670340         1.001836 
     4532.680340         0.994598 
     4532.690340         0.992177 
     4532.700340         0.988514 
     4532.710339         0.984219 
     4532.720339         0.980806 
     4532.730339         0.966848 
     4532.740339         0.958529 
     4532.750339         0.958955 
     4532.760338         0.964169 
     4532.770338         0.967789 
     4532.780338         0.965274 
     4532.790338         0.966287 
     4532.800338         0.970666 
     4532.810338         0.974379 
     4532.820337         0.975053 
     4532.830337         0.971631 
     4532.840337         0.964673 
     4532.850337         0.954931 
     4532.860337         0.945348 
     4532.870336         0.932857 
     4532.880336         0.903466 
     4532.890336         0.875258 
     4532.900336         0.829252 
     4532.910336         0.772385 
     4532.920335         0.723254 
     4532.930335         0.654383 
     4532.940335         0.594009 
     4532.950335         0.547322 
     4532.960335         0.512251 
     4532.970334         0.494204 
     4532.980334         0.491941 
     4532.990334         0.498861 
     4533.000334         0.514605 
     4533.010334         0.526117 
     4533.020333         0.523011 
     4533.030333         0.528165 
     4533.040333         0.540497 
     4533.050333         0.564376 
     4533.060333         0.602784 
     4533.070332         0.650046 
     4533.080332         0.702475 
     4533.090332         0.761200 
     4533.100332         0.811059 
     4533.110332         0.842788 
     4533.120331         0.860054 
     4533.130331         0.861688 
     4533.140331         0.852711 
     4533.150331         0.830214 
     4533.160331         0.785956 
     4533.170330         0.719046 
     4533.180330         0.639159 
     4533.190330         0.555270 
     4533.200330         0.463546 
     4533.210330         0.368544 
     4533.220329         0.292364 
     4533.230329         0.244279 
     4533.240329         0.211846 
     4533.250329         0.203447 
     4533.260329         0.227567 
     4533.270328         0.277536 
     4533.280328         0.353279 
     4533.290328         0.452090 
     4533.300328         0.555000 
     4533.310328         0.646903 
     4533.320327         0.729360 
     4533.330327         0.801361 
     4533.340327         0.855453 
     4533.350327         0.896307 
     4533.360327         0.927155 
     4533.370326         0.943441 
     4533.380326         0.955991 
     4533.390326         0.971444 
     4533.400326         0.987097 
     4533.410326         0.994266 
     4533.420325         0.990686 
     4533.430325         0.993966 
     4533.440325         0.991682 
     4533.450325         0.991251 
     4533.460325         0.996306 
     4533.470324         0.994003 
     4533.480324         0.992130 
     4533.490324         0.995062 
     4533.500324         0.998001 
     4533.510324         0.996372 
     4533.520323         0.990822 
     4533.530323         0.986941 
     4533.540323         0.988931 
     4533.550323         0.986548 
     4533.560323         0.980125 
     4533.570322         0.983718 
     4533.580322         0.979356 
     4533.590322         0.978887 
     4533.600322         0.982812 
     4533.610322         0.982650 
     4533.620321         0.974555 
     4533.630321         0.966280 
     4533.640321         0.962799 
     4533.650321         0.961146 
     4533.660321         0.957830 
     4533.670320         0.955205 
     4533.680320         0.956407 
     4533.690320         0.951039 
     4533.700320         0.949306 
     4533.710320         0.956353 
     4533.720320         0.956393 
     4533.730319         0.940588 
     4533.740319         0.952678 
     4533.750319         0.960456 
     4533.760319         0.948907 
     4533.770319         0.953151 
     4533.780318         0.949500 
     4533.790318         0.940775 
     4533.800318         0.931129 
     4533.810318         0.920964 
     4533.820318         0.910638 
     4533.830317         0.896332 
     4533.840317         0.871331 
     4533.850317         0.838085 
     4533.860317         0.796405 
     4533.870317         0.743201 
     4533.880316         0.686612 
     4533.890316         0.612240 
     4533.900316         0.528993 
     4533.910316         0.447657 
     4533.920316         0.367983 
     4533.930315         0.294209 
     4533.940315         0.235790 
     4533.950315         0.194229 
     4533.960315         0.168178 
     4533.970315         0.160753 
     4533.980314         0.177509 
     4533.990314         0.206899 
     4534.000314         0.256259 
     4534.010314         0.328988 
     4534.020314         0.412451 
     4534.030313         0.491795 
     4534.040313         0.577217 
     4534.050313         0.654902 
     4534.060313         0.707904 
     4534.070313         0.742594 
     4534.080312         0.778882 
     4534.090312         0.781409 
     4534.100312         0.760380 
     4534.110312         0.728464 
     4534.120312         0.685284 
     4534.130311         0.636177 
     4534.140311         0.583947 
     4534.150311         0.539982 
     4534.160311         0.518562 
     4534.170311         0.523005 
     4534.180310         0.544783 
     4534.190310         0.597276 
     4534.200310         0.657941 
     4534.210310         0.718250 
     4534.220310         0.782634 
     4534.230309         0.841600 
     4534.240309         0.878578 
     4534.250309         0.919260 
     4534.260309         0.946459 
     4534.270309         0.950917 
     4534.280308         0.967959 
     4534.290308         0.977597 
     4534.300308         0.987861 
     4534.310308         0.994644 
     4534.320308         0.992854 
     4534.330307         0.993262 
     4534.340307         0.997329 
     4534.350307         1.001884 
     4534.360307         1.005161 
     4534.370307         1.003398 
     4534.380306         0.997128 
     4534.390306         1.007239 
     4534.400306         1.005219 
     4534.410306         0.999232 
     4534.420306         1.001286 
     4534.430305         1.003091 
     4534.440305         1.002916 
     4534.450305         1.003720 
     4534.460305         0.998681 
     4534.470305         0.993284 
     4534.480304         0.995594 
     4534.490304         0.990232 
     4534.500304         0.991874 
     4534.510304         0.991878 
     4534.520304         0.983864 
     4534.530303         0.975645 
     4534.540303         0.972576 
     4534.550303         0.971084 
     4534.560303         0.965080 
     4534.570303         0.958153 
     4534.580302         0.950847 
     4534.590302         0.934076 
     4534.600302         0.935819 
     4534.610302         0.930521 
