     6707.317324         0.996687 
     6707.327324         0.996453 
     6707.337324         0.998071 
     6707.347323         0.993276 
     6707.357323         0.985896 
     6707.367323         0.981911 
     6707.377323         0.980080 
     6707.387323         0.976871 
     6707.397322         0.972095 
     6707.407322         0.964808 
     6707.417322         0.959674 
     6707.427322         0.961682 
     6707.437322         0.965623 
     6707.447321         0.963337 
     6707.457321         0.960659 
     6707.467321         0.966154 
     6707.477321         0.974440 
     6707.487321         0.977614 
     6707.497321         0.977900 
     6707.507320         0.979458 
     6707.517320         0.982389 
     6707.527320         0.986504 
     6707.537320         0.990468 
     6707.547320         0.992145 
     6707.557319         0.991332 
     6707.567319         0.988727 
     6707.577319         0.987498 
     6707.587319         0.990745 
     6707.597319         0.995060 
     6707.607318         0.996607 
     6707.617318         0.996275 
     6707.627318         0.995346 
     6707.637318         0.994299 
     6707.647318         0.993767 
     6707.657317         0.993909 
     6707.667317         0.995352 
     6707.677317         0.997072 
     6707.687317         0.997676 
     6707.697317         0.997133 
     6707.707316         0.994773 
     6707.717316         0.991852 
     6707.727316         0.989291 
     6707.737316         0.988821 
     6707.747316         0.991237 
     6707.757315         0.993625 
     6707.767315         0.993071 
     6707.777315         0.990739 
     6707.787315         0.987938 
     6707.797315         0.986110 
     6707.807314         0.987422 
     6707.817314         0.990929 
     6707.827314         0.997018 
     6707.837314         0.999435 
     6707.847314         0.994089 
     6707.857313         0.989952 
     6707.867313         0.993567 
     6707.877313         0.996762 
     6707.887313         0.993896 
     6707.897313         0.991583 
     6707.907312         0.995020 
     6707.917312         0.998033 
     6707.927312         0.997400 
     6707.937312         0.996542 
     6707.947312         0.997290 
     6707.957311         0.998369 
     6707.967311         0.998319 
     6707.977311         0.999014 
     6707.987311         1.000598 
     6707.997311         1.000619 
     6708.007310         0.997200 
     6708.017310         0.993923 
     6708.027310         0.992861 
     6708.037310         0.994751 
     6708.047310         0.999665 
     6708.057309         1.003490 
     6708.067309         1.004285 
     6708.077309         1.001929 
     6708.087309         0.997053 
     6708.097309         0.995037 
     6708.107308         0.997859 
     6708.117308         1.000149 
     6708.127308         0.999873 
     6708.137308         1.000551 
     6708.147308         1.003511 
     6708.157307         1.006120 
     6708.167307         1.006858 
     6708.177307         1.005562 
     6708.187307         1.003142 
     6708.197307         1.002153 
     6708.207306         1.003575 
     6708.217306         1.005286 
     6708.227306         1.006214 
     6708.237306         1.004180 
     6708.247306         0.998810 
     6708.257305         0.994971 
     6708.267305         0.994429 
     6708.277305         0.997154 
     6708.287305         1.002455 
     6708.297305         1.005785 
     6708.307304         1.005542 
     6708.317304         1.000908 
     6708.327304         0.993689 
     6708.337304         0.993298 
     6708.347304         1.000871 
     6708.357303         1.004051 
     6708.367303         1.001497 
     6708.377303         1.001919 
     6708.387303         1.005639 
     6708.397303         1.005485 
     6708.407303         1.001559 
     6708.417302         1.002163 
     6708.427302         1.007650 
     6708.437302         1.010679 
     6708.447302         1.010419 
     6708.457302         1.008944 
     6708.467301         1.006260 
     6708.477301         1.003719 
     6708.487301         1.001705 
     6708.497301         1.002484 
     6708.507301         1.004771 
     6708.517300         1.003973 
     6708.527300         1.000593 
     6708.537300         0.998142 
     6708.547300         0.997914 
     6708.557300         1.000766 
     6708.567299         1.004830 
     6708.577299         1.003296 
     6708.587299         0.998246 
     6708.597299         0.998207 
     6708.607299         1.001519 
     6708.617298         1.000437 
     6708.627298         0.996397 
     6708.637298         0.994479 
     6708.647298         0.995031 
     6708.657298         0.996684 
     6708.667297         0.998174 
     6708.677297         0.996328 
     6708.687297         0.991993 
     6708.697297         0.987005 
     6708.707297         0.983729 
     6708.717296         0.984952 
     6708.727296         0.988954 
     6708.737296         0.991094 
     6708.747296         0.991025 
     6708.757296         0.989406 
     6708.767295         0.987990 
     6708.777295         0.989873 
     6708.787295         0.992548 
     6708.797295         0.992214 
     6708.807295         0.991069 
     6708.817294         0.993162 
     6708.827294         0.995405 
     6708.837294         0.993262 
     6708.847294         0.989329 
     6708.857294         0.987976 
     6708.867293         0.989351 
     6708.877293         0.993148 
     6708.887293         0.995095 
     6708.897293         0.990799 
     6708.907293         0.986112 
     6708.917292         0.987794 
     6708.927292         0.991430 
     6708.937292         0.992448 
     6708.947292         0.992084 
     6708.957292         0.992106 
     6708.967291         0.991737 
     6708.977291         0.990220 
     6708.987291         0.987849 
     6708.997291         0.984693 
     6709.007291         0.983569 
     6709.017290         0.985923 
     6709.027290         0.987246 
     6709.037290         0.984190 
     6709.047290         0.983191 
     6709.057290         0.989290 
     6709.067289         0.994560 
     6709.077289         0.994024 
     6709.087289         0.992990 
     6709.097289         0.994317 
     6709.107289         0.994696 
     6709.117288         0.992777 
     6709.127288         0.991002 
     6709.137288         0.991119 
     6709.147288         0.992446 
     6709.157288         0.994506 
     6709.167287         0.995577 
     6709.177287         0.995195 
     6709.187287         0.995280 
     6709.197287         0.997334 
     6709.207287         1.000145 
     6709.217286         1.002301 
     6709.227286         1.000657 
     6709.237286         0.994317 
     6709.247286         0.989550 
     6709.257286         0.989431 
     6709.267285         0.993495 
     6709.277285         1.000690 
     6709.287285         1.003217 
     6709.297285         1.000172 
     6709.307285         0.997983 
     6709.317285         0.998754 
     6709.327284         1.000953 
     6709.337284         1.003586 
     6709.347284         1.003772 
     6709.357284         1.001913 
     6709.367284         0.999687 
     6709.377283         0.997567 
     6709.387283         0.996522 
     6709.397283         0.996461 
     6709.407283         0.997121 
     6709.417283         0.998541 
     6709.427282         1.000757 
     6709.437282         1.003566 
     6709.447282         1.005444 
     6709.457282         1.005803 
     6709.467282         1.002520 
     6709.477281         0.998197 
     6709.487281         0.999561 
     6709.497281         1.003544 
     6709.507281         0.998918 
     6709.517281         0.990359 
     6709.527280         0.993535 
     6709.537280         1.003517 
     6709.547280         1.002636 
     6709.557280         0.995029 
     6709.567280         0.994523 
     6709.577279         0.998973 
     6709.587279         0.997747 
     6709.597279         0.993632 
     6709.607279         0.992291 
     6709.617279         0.994121 
     6709.627278         0.998145 
     6709.637278         1.001371 
     6709.647278         0.999025 
     6709.657278         0.994249 
     6709.667278         0.993206 
     6709.677277         0.994074 
     6709.687277         0.993484 
     6709.697277         0.992392 
     6709.707277         0.990952 
     6709.717277         0.990931 
     6709.727276         0.994164 
     6709.737276         0.997274 
     6709.747276         0.996454 
     6709.757276         0.994755 
     6709.767276         0.995143 
     6709.777275         0.995456 
     6709.787275         0.992603 
     6709.797275         0.990279 
     6709.807275         0.991638 
     6709.817275         0.993309 
     6709.827274         0.992440 
     6709.837274         0.990781 
     6709.847274         0.990543 
     6709.857274         0.990906 
     6709.867274         0.990883 
     6709.877273         0.989270 
     6709.887273         0.985943 
     6709.897273         0.984018 
     6709.907273         0.985646 
     6709.917273         0.988023 
     6709.927272         0.989779 
     6709.937272         0.990696 
     6709.947272         0.991385 
     6709.957272         0.992723 
     6709.967272         0.995006 
     6709.977271         0.995931 
     6709.987271         0.994989 
     6709.997271         0.995771 
     6710.007271         0.999320 
     6710.017271         1.000771 
     6710.027270         0.998762 
     6710.037270         0.996408 
     6710.047270         0.995614 
     6710.057270         0.997591 
     6710.067270         1.002347 
     6710.077269         1.003946 
     6710.087269         1.002242 
     6710.097269         1.002579 
     6710.107269         1.005203 
     6710.117269         1.005248 
     6710.127268         1.002391 
     6710.137268         1.000364 
     6710.147268         0.999805 
     6710.157268         0.998711 
     6710.167268         0.997245 
     6710.177267         0.997528 
     6710.187267         0.998610 
     6710.197267         0.996219 
     6710.207267         0.990076 
     6710.217267         0.981974 
     6710.227267         0.973469 
     6710.237266         0.967110 
     6710.247266         0.960882 
     6710.257266         0.948642 
     6710.267266         0.932830 
     6710.277266         0.919427 
     6710.287265         0.908593 
     6710.297265         0.898158 
     6710.307265         0.890655 
     6710.317265         0.889264 
     6710.327265         0.892247 
     6710.337264         0.894864 
     6710.347264         0.898564 
     6710.357264         0.906281 
     6710.367264         0.917549 
     6710.377264         0.931073 
     6710.387263         0.945292 
     6710.397263         0.957627 
     6710.407263         0.967052 
     6710.417263         0.972876 
     6710.427263         0.976780 
     6710.437262         0.980818 
     6710.447262         0.985559 
     6710.457262         0.990504 
     6710.467262         0.993336 
     6710.477262         0.991022 
     6710.487261         0.989630 
     6710.497261         0.993369 
     6710.507261         0.995888 
     6710.517261         0.992703 
     6710.527261         0.990038 
     6710.537260         0.991558 
     6710.547260         0.993732 
     6710.557260         0.993494 
     6710.567260         0.993569 
     6710.577260         0.995314 
     6710.587259         0.995793 
     6710.597259         0.994370 
     6710.607259         0.992777 
     6710.617259         0.992354 
     6710.627259         0.993764 
     6710.637258         0.996855 
     6710.647258         0.995877 
     6710.657258         0.990624 
     6710.667258         0.990619 
     6710.677258         0.997900 
     6710.687257         1.001431 
     6710.697257         0.998183 
     6710.707257         0.995732 
     6710.717257         0.995901 
     6710.727257         0.997562 
     6710.737256         0.999586 
     6710.747256         0.999357 
     6710.757256         0.997485 
     6710.767256         0.998580 
     6710.777256         1.002614 
     6710.787255         1.003635 
     6710.797255         1.001628 
     6710.807255         0.999594 
     6710.817255         0.998301 
     6710.827255         0.997457 
     6710.837254         0.998237 
     6710.847254         1.002709 
     6710.857254         1.008438 
     6710.867254         1.007009 
     6710.877254         1.002238 
     6710.887253         1.003918 
     6710.897253         1.007872 
     6710.907253         1.004410 
     6710.917253         0.998315 
     6710.927253         1.000201 
     6710.937252         1.005561 
     6710.947252         1.004040 
     6710.957252         1.000705 
     6710.967252         1.002048 
     6710.977252         1.004463 
     6710.987251         1.002545 
     6710.997251         0.999120 
     6711.007251         0.998058 
     6711.017251         0.999472 
     6711.027251         1.002364 
     6711.037250         1.003382 
     6711.047250         1.000267 
     6711.057250         0.997451 
     6711.067250         1.000435 
     6711.077250         1.003428 
     6711.087249         1.002186 
     6711.097249         0.999765 
     6711.107249         0.998557 
     6711.117249         0.998374 
     6711.127249         0.999008 
     6711.137249         1.000175 
     6711.147248         1.001203 
     6711.157248         1.002990 
     6711.167248         1.004750 
     6711.177248         1.003240 
     6711.187248         0.997125 
     6711.197247         0.993964 
     6711.207247         0.995855 
     6711.217247         0.998261 
     6711.227247         0.999447 
     6711.237247         0.997207 
     6711.247246         0.991580 
     6711.257246         0.987526 
     6711.267246         0.987138 
     6711.277246         0.988784 
     6711.287246         0.991449 
     6711.297245         0.992290 
     6711.307245         0.991833 
     6711.317245         0.992943 
     6711.327245         0.995254 
     6711.337245         0.993593 
     6711.347244         0.989802 
     6711.357244         0.991882 
     6711.367244         0.998115 
     6711.377244         0.999082 
     6711.387244         0.995429 
     6711.397243         0.993587 
     6711.407243         0.995041 
     6711.417243         1.001872 
     6711.427243         1.008907 
     6711.437243         1.005637 
     6711.447242         0.998410 
     6711.457242         0.999873 
     6711.467242         1.004389 
     6711.477242         1.001757 
     6711.487242         0.997134 
     6711.497241         0.997811 
     6711.507241         1.001123 
     6711.517241         1.002661 
     6711.527241         1.001319 
     6711.537241         0.996454 
     6711.547240         0.993256 
     6711.557240         0.997472 
     6711.567240         1.001232 
     6711.577240         0.998672 
     6711.587240         0.995211 
     6711.597239         0.995962 
     6711.607239         0.997422 
     6711.617239         0.998258 
     6711.627239         0.996732 
     6711.637239         0.993199 
     6711.647238         0.991756 
     6711.657238         0.994618 
     6711.667238         0.995552 
     6711.677238         0.992828 
     6711.687238         0.992643 
     6711.697237         0.997240 
     6711.707237         0.998677 
     6711.717237         0.995015 
     6711.727237         0.993715 
     6711.737237         0.996621 
     6711.747236         0.996436 
     6711.757236         0.992229 
     6711.767236         0.987129 
     6711.777236         0.982554 
     6711.787236         0.978996 
     6711.797235         0.977042 
     6711.807235         0.977313 
     6711.817235         0.979342 
     6711.827235         0.977735 
     6711.837235         0.974687 
     6711.847234         0.976942 
     6711.857234         0.983167 
     6711.867234         0.985480 
     6711.877234         0.986159 
     6711.887234         0.990811 
     6711.897233         0.997709 
     6711.907233         1.001033 
     6711.917233         1.000943 
     6711.927233         0.998629 
     6711.937233         0.996311 
     6711.947232         0.997396 
     6711.957232         1.000186 
     6711.967232         1.001931 
     6711.977232         1.002856 
     6711.987232         1.003262 
     6711.997231         1.002151 
     6712.007231         0.998764 
     6712.017231         0.996016 
     6712.027231         0.997554 
     6712.037231         0.999101 
     6712.047231         0.996154 
     6712.057230         0.995894 
     6712.067230         1.003569 
     6712.077230         1.007780 
     6712.087230         1.001690 
     6712.097230         0.996320 
     6712.107229         0.998055 
     6712.117229         1.000570 
     6712.127229         1.000100 
     6712.137229         1.000136 
     6712.147229         1.002147 
     6712.157228         1.002615 
     6712.167228         1.000756 
     6712.177228         0.997559 
     6712.187228         0.994286 
     6712.197228         0.994068 
     6712.207227         0.997500 
     6712.217227         0.999048 
     6712.227227         0.997969 
     6712.237227         0.999175 
     6712.247227         1.002624 
     6712.257226         1.004729 
     6712.267226         1.004231 
     6712.277226         1.003352 
     6712.287226         1.002197 
     6712.297226         1.001255 
     6712.307225         1.000364 
     6712.317225         0.998744 
     6712.327225         0.997033 
     6712.337225         0.996067 
     6712.347225         0.995878 
     6712.357224         0.996369 
     6712.367224         0.995433 
     6712.377224         0.989614 
     6712.387224         0.982987 
     6712.397224         0.982999 
     6712.407223         0.984723 
     6712.417223         0.981779 
     6712.427223         0.978141 
     6712.437223         0.978988 
     6712.447223         0.979692 
     6712.457222         0.976319 
     6712.467222         0.973664 
     6712.477222         0.976296 
     6712.487222         0.980753 
     6712.497222         0.982947 
     6712.507221         0.984258 
     6712.517221         0.986088 
     6712.527221         0.987531 
     6712.537221         0.989228 
     6712.547221         0.992295 
     6712.557220         0.997151 
     6712.567220         1.000232 
     6712.577220         0.999726 
     6712.587220         0.999586 
     6712.597220         1.000498 
     6712.607219         0.999917 
     6712.617219         0.997824 
     6712.627219         0.999521 
     6712.637219         1.005684 
     6712.647219         1.008191 
     6712.657218         1.006430 
     6712.667218         1.002985 
     6712.677218         0.999384 
     6712.687218         0.998154 
     6712.697218         0.999031 
     6712.707217         1.000246 
     6712.717217         1.000874 
     6712.727217         1.001826 
     6712.737217         1.002250 
     6712.747217         1.000580 
     6712.757216         0.998297 
     6712.767216         0.999497 
     6712.777216         1.001289 
     6712.787216         0.999166 
     6712.797216         0.996108 
     6712.807215         0.996291 
     6712.817215         0.998757 
     6712.827215         1.000971 
     6712.837215         1.003091 
     6712.847215         1.005633 
     6712.857214         1.006719 
     6712.867214         1.004117 
     6712.877214         1.000528 
     6712.887214         0.998698 
     6712.897214         0.995388 
     6712.907213         0.989521 
     6712.917213         0.985633 
     6712.927213         0.985668 
     6712.937213         0.981334 
     6712.947213         0.968592 
     6712.957213         0.954808 
     6712.967212         0.943276 
     6712.977212         0.928987 
     6712.987212         0.910604 
     6712.997212         0.893407 
     6713.007212         0.878069 
     6713.017211         0.861139 
     6713.027211         0.842848 
     6713.037211         0.831664 
     6713.047211         0.829695 
     6713.057211         0.830986 
     6713.067210         0.835566 
     6713.077210         0.845021 
     6713.087210         0.858413 
     6713.097210         0.871777 
     6713.107210         0.883961 
     6713.117209         0.895038 
     6713.127209         0.903827 
     6713.137209         0.909453 
     6713.147209         0.912347 
     6713.157209         0.914760 
     6713.167208         0.916313 
     6713.177208         0.917832 
     6713.187208         0.920098 
     6713.197208         0.925217 
     6713.207208         0.931820 
     6713.217207         0.938057 
     6713.227207         0.943222 
     6713.237207         0.946728 
     6713.247207         0.952142 
     6713.257207         0.963181 
     6713.267206         0.973332 
     6713.277206         0.977573 
     6713.287206         0.981620 
     6713.297206         0.989539 
     6713.307206         0.994250 
     6713.317205         0.992511 
