     6079.719738         1.001977 
     6079.729738         0.999543 
     6079.739738         0.997904 
     6079.749738         0.998397 
     6079.759738         0.994400 
     6079.769737         0.996247 
     6079.779737         1.000215 
     6079.789737         0.994134 
     6079.799737         0.992925 
     6079.809737         0.997122 
     6079.819736         0.991914 
     6079.829736         0.991645 
     6079.839736         0.995925 
     6079.849736         0.992370 
     6079.859736         0.994238 
     6079.869735         1.001018 
     6079.879735         0.997643 
     6079.889735         0.996159 
     6079.899735         0.999388 
     6079.909735         1.000879 
     6079.919734         0.997964 
     6079.929734         0.992983 
     6079.939734         0.989351 
     6079.949734         0.987258 
     6079.959734         0.987335 
     6079.969733         0.989581 
     6079.979733         0.986473 
     6079.989733         0.980390 
     6079.999733         0.980106 
     6080.009733         0.986539 
     6080.019733         0.992142 
     6080.029732         0.987251 
     6080.039732         0.985406 
     6080.049732         0.989574 
     6080.059732         0.990311 
     6080.069732         0.992687 
     6080.079731         0.997426 
     6080.089731         1.000771 
     6080.099731         0.995978 
     6080.109731         0.989984 
     6080.119731         0.997527 
     6080.129730         1.002608 
     6080.139730         1.000178 
     6080.149730         0.997188 
     6080.159730         0.999713 
     6080.169730         1.001436 
     6080.179729         0.992279 
     6080.189729         0.991428 
     6080.199729         0.999294 
     6080.209729         0.999624 
     6080.219729         1.000220 
     6080.229728         0.998126 
     6080.239728         0.985925 
     6080.249728         0.985567 
     6080.259728         0.995492 
     6080.269728         0.996674 
     6080.279727         0.997491 
     6080.289727         0.998710 
     6080.299727         0.996342 
     6080.309727         0.996182 
     6080.319727         0.999558 
     6080.329726         1.004725 
     6080.339726         0.999216 
     6080.349726         0.993435 
     6080.359726         1.006144 
     6080.369726         1.003631 
     6080.379725         0.994838 
     6080.389725         1.006285 
     6080.399725         1.011052 
     6080.409725         1.005440 
     6080.419725         1.001486 
     6080.429724         1.001394 
     6080.439724         1.002349 
     6080.449724         1.002063 
     6080.459724         1.003113 
     6080.469724         1.005636 
     6080.479723         1.009340 
     6080.489723         1.010435 
     6080.499723         1.009251 
     6080.509723         1.005380 
     6080.519723         1.000074 
     6080.529722         0.998002 
     6080.539722         1.002065 
     6080.549722         0.997942 
     6080.559722         0.993178 
     6080.569722         1.000848 
     6080.579721         1.000098 
     6080.589721         0.995087 
     6080.599721         0.996515 
     6080.609721         0.999812 
     6080.619721         1.001276 
     6080.629720         0.998121 
     6080.639720         0.997976 
     6080.649720         1.001400 
     6080.659720         1.005568 
     6080.669720         1.004527 
     6080.679719         1.000169 
     6080.689719         0.997177 
     6080.699719         0.999600 
     6080.709719         0.999325 
     6080.719719         0.993826 
     6080.729718         0.997559 
     6080.739718         1.005213 
     6080.749718         1.005779 
     6080.759718         1.003615 
     6080.769718         1.000796 
     6080.779717         0.999050 
     6080.789717         0.997197 
     6080.799717         0.996241 
     6080.809717         0.997509 
     6080.819717         1.001295 
     6080.829716         1.000826 
     6080.839716         0.994572 
     6080.849716         0.995641 
     6080.859716         0.997049 
     6080.869716         0.996194 
     6080.879715         1.000057 
     6080.889715         1.002378 
     6080.899715         1.000066 
     6080.909715         0.997150 
     6080.919715         0.995139 
     6080.929715         0.996235 
     6080.939714         1.003342 
     6080.949714         1.004404 
     6080.959714         0.997167 
     6080.969714         0.996544 
     6080.979714         0.999750 
     6080.989713         1.000826 
     6080.999713         0.994217 
     6081.009713         0.996121 
     6081.019713         1.004999 
     6081.029713         1.000040 
     6081.039712         0.994316 
     6081.049712         0.995274 
     6081.059712         0.998852 
     6081.069712         1.000192 
     6081.079712         0.999217 
     6081.089711         1.002399 
     6081.099711         1.002654 
     6081.109711         0.998497 
     6081.119711         0.995692 
     6081.129711         0.997981 
     6081.139710         1.000408 
     6081.149710         0.995748 
     6081.159710         0.994376 
     6081.169710         0.995829 
     6081.179710         0.991306 
     6081.189709         0.990371 
     6081.199709         0.992839 
     6081.209709         0.992535 
     6081.219709         0.991135 
     6081.229709         0.990605 
     6081.239708         0.992880 
     6081.249708         0.995764 
     6081.259708         0.996961 
     6081.269708         0.993637 
     6081.279708         0.995437 
     6081.289707         0.996933 
     6081.299707         0.991717 
     6081.309707         0.992324 
     6081.319707         0.996529 
     6081.329707         0.994160 
     6081.339706         0.987060 
     6081.349706         0.982533 
     6081.359706         0.984719 
     6081.369706         0.977299 
     6081.379706         0.959687 
     6081.389705         0.939579 
     6081.399705         0.930467 
     6081.409705         0.924946 
     6081.419705         0.913936 
     6081.429705         0.900372 
     6081.439704         0.895207 
     6081.449704         0.902355 
     6081.459704         0.901409 
     6081.469704         0.902790 
     6081.479704         0.915004 
     6081.489703         0.922071 
     6081.499703         0.932239 
     6081.509703         0.947964 
     6081.519703         0.955335 
     6081.529703         0.963455 
     6081.539702         0.977599 
     6081.549702         0.987152 
     6081.559702         0.991838 
     6081.569702         0.993467 
     6081.579702         0.995943 
     6081.589701         0.996625 
     6081.599701         0.995515 
     6081.609701         0.999357 
     6081.619701         0.997245 
     6081.629701         0.990172 
     6081.639700         0.989451 
     6081.649700         0.987718 
     6081.659700         0.985202 
     6081.669700         0.987175 
     6081.679700         0.984647 
     6081.689699         0.978902 
     6081.699699         0.978205 
     6081.709699         0.982219 
     6081.719699         0.985237 
     6081.729699         0.980447 
     6081.739698         0.975800 
     6081.749698         0.975381 
     6081.759698         0.979569 
     6081.769698         0.981751 
     6081.779698         0.982723 
     6081.789697         0.984008 
     6081.799697         0.985259 
     6081.809697         0.987495 
     6081.819697         0.991568 
     6081.829697         0.992854 
     6081.839697         0.990280 
     6081.849696         0.985493 
     6081.859696         0.984042 
     6081.869696         0.987581 
     6081.879696         0.993754 
     6081.889696         0.994525 
     6081.899695         0.992251 
     6081.909695         0.993671 
     6081.919695         0.997980 
     6081.929695         0.999614 
     6081.939695         0.995743 
     6081.949694         0.995328 
     6081.959694         0.997436 
     6081.969694         0.999371 
     6081.979694         1.000528 
     6081.989694         1.002530 
     6081.999693         1.005724 
     6082.009693         1.008591 
     6082.019693         1.006163 
     6082.029693         1.001462 
     6082.039693         1.003633 
     6082.049692         1.004326 
     6082.059692         1.000933 
     6082.069692         0.996424 
     6082.079692         0.993512 
     6082.089692         0.994374 
     6082.099691         0.999169 
     6082.109691         1.001622 
     6082.119691         1.001234 
     6082.129691         1.003432 
     6082.139691         1.003852 
     6082.149690         1.002816 
     6082.159690         1.002259 
     6082.169690         1.000181 
     6082.179690         0.998159 
     6082.189690         0.998297 
     6082.199689         0.997192 
     6082.209689         0.995817 
     6082.219689         0.996386 
     6082.229689         0.998622 
     6082.239689         1.000896 
     6082.249688         1.000308 
     6082.259688         0.990487 
     6082.269688         0.983795 
     6082.279688         0.988476 
     6082.289688         0.986257 
     6082.299687         0.979916 
     6082.309687         0.973522 
     6082.319687         0.973202 
     6082.329687         0.970369 
     6082.339687         0.963351 
     6082.349686         0.958148 
     6082.359686         0.959607 
     6082.369686         0.965034 
     6082.379686         0.962820 
     6082.389686         0.954887 
     6082.399685         0.949220 
     6082.409685         0.951998 
     6082.419685         0.954652 
     6082.429685         0.953539 
     6082.439685         0.950070 
     6082.449684         0.950878 
     6082.459684         0.953903 
     6082.469684         0.953008 
     6082.479684         0.953551 
     6082.489684         0.956707 
     6082.499683         0.960733 
     6082.509683         0.964137 
     6082.519683         0.968732 
     6082.529683         0.975690 
     6082.539683         0.978635 
     6082.549682         0.977871 
     6082.559682         0.977894 
     6082.569682         0.979851 
     6082.579682         0.980428 
     6082.589682         0.979121 
     6082.599681         0.982266 
     6082.609681         0.975069 
     6082.619681         0.952153 
     6082.629681         0.939848 
     6082.639681         0.923591 
     6082.649680         0.893918 
     6082.659680         0.857724 
     6082.669680         0.819765 
     6082.679680         0.785133 
     6082.689680         0.763804 
     6082.699679         0.744712 
     6082.709679         0.727192 
     6082.719679         0.723325 
     6082.729679         0.731374 
     6082.739679         0.750851 
     6082.749679         0.783618 
     6082.759678         0.818419 
     6082.769678         0.851027 
     6082.779678         0.880865 
     6082.789678         0.903914 
     6082.799678         0.925136 
     6082.809677         0.951514 
     6082.819677         0.968906 
     6082.829677         0.976631 
     6082.839677         0.982174 
     6082.849677         0.992687 
     6082.859676         0.998577 
     6082.869676         0.994665 
     6082.879676         0.997069 
     6082.889676         0.998902 
     6082.899676         0.995606 
     6082.909675         0.999396 
     6082.919675         1.003993 
     6082.929675         1.005907 
     6082.939675         1.002778 
     6082.949675         1.003495 
     6082.959674         1.005986 
     6082.969674         1.000082 
     6082.979674         0.998131 
     6082.989674         1.001994 
     6082.999674         1.000294 
     6083.009673         0.998530 
     6083.019673         1.001094 
     6083.029673         1.006622 
     6083.039673         1.006758 
     6083.049673         1.004887 
     6083.059672         1.009293 
     6083.069672         1.003513 
     6083.079672         0.994870 
     6083.089672         0.996000 
     6083.099672         1.002920 
     6083.109671         1.005397 
     6083.119671         0.998281 
     6083.129671         1.003889 
     6083.139671         1.009377 
     6083.149671         1.006265 
     6083.159670         1.005921 
     6083.169670         1.005474 
     6083.179670         1.001233 
     6083.189670         1.000018 
     6083.199670         0.996834 
     6083.209669         0.994520 
     6083.219669         1.002360 
     6083.229669         1.005520 
     6083.239669         1.001038 
     6083.249669         0.997123 
     6083.259668         0.996775 
     6083.269668         0.998706 
     6083.279668         0.999410 
     6083.289668         1.000685 
     6083.299668         1.001454 
     6083.309667         0.998592 
     6083.319667         0.998242 
     6083.329667         0.999266 
     6083.339667         0.998016 
     6083.349667         0.992129 
     6083.359666         0.992008 
     6083.369666         1.001703 
     6083.379666         1.008338 
     6083.389666         1.005146 
     6083.399666         0.996671 
     6083.409665         0.998371 
     6083.419665         0.998923 
     6083.429665         0.996219 
     6083.439665         1.000780 
     6083.449665         1.001645 
     6083.459664         0.996261 
     6083.469664         0.992511 
     6083.479664         0.991571 
     6083.489664         0.994035 
     6083.499664         0.999875 
     6083.509663         0.998432 
     6083.519663         0.994431 
     6083.529663         0.997085 
     6083.539663         0.993323 
     6083.549663         0.990982 
     6083.559662         0.998533 
     6083.569662         0.993091 
     6083.579662         0.988244 
     6083.589662         0.997158 
     6083.599662         0.994225 
     6083.609661         0.987781 
     6083.619661         0.987698 
     6083.629661         0.991433 
     6083.639661         0.986197 
     6083.649661         0.976180 
     6083.659661         0.982163 
     6083.669660         0.988169 
     6083.679660         0.987263 
     6083.689660         0.985203 
     6083.699660         0.986641 
     6083.709660         0.988830 
     6083.719659         0.985111 
     6083.729659         0.986744 
     6083.739659         0.992787 
     6083.749659         0.997530 
     6083.759659         0.989539 
     6083.769658         0.982535 
     6083.779658         0.990209 
     6083.789658         0.993878 
     6083.799658         0.994830 
     6083.809658         0.996055 
     6083.819657         0.991608 
     6083.829657         0.991800 
     6083.839657         0.999505 
     6083.849657         0.997752 
     6083.859657         0.991978 
     6083.869656         0.989425 
     6083.879656         0.993570 
     6083.889656         0.994260 
     6083.899656         0.992254 
     6083.909656         0.997613 
     6083.919655         0.996584 
     6083.929655         0.992066 
     6083.939655         0.995783 
     6083.949655         0.996088 
     6083.959655         0.996933 
     6083.969654         1.002278 
     6083.979654         0.998233 
     6083.989654         0.988962 
     6083.999654         0.985172 
     6084.009654         0.983731 
     6084.019653         0.971893 
     6084.029653         0.950475 
     6084.039653         0.945036 
     6084.049653         0.930555 
     6084.059653         0.900453 
     6084.069652         0.880600 
     6084.079652         0.868329 
     6084.089652         0.856606 
     6084.099652         0.843621 
     6084.109652         0.842913 
     6084.119651         0.851062 
     6084.129651         0.857393 
     6084.139651         0.870345 
     6084.149651         0.889470 
     6084.159651         0.906421 
     6084.169650         0.916559 
     6084.179650         0.929695 
     6084.189650         0.949660 
     6084.199650         0.962296 
     6084.209650         0.969607 
     6084.219649         0.975384 
     6084.229649         0.977842 
     6084.239649         0.982465 
     6084.249649         0.990856 
     6084.259649         0.994869 
     6084.269648         0.999625 
     6084.279648         1.002465 
     6084.289648         0.998199 
     6084.299648         0.997175 
     6084.309648         0.999223 
     6084.319647         1.000246 
     6084.329647         1.003367 
     6084.339647         1.008087 
     6084.349647         1.009867 
     6084.359647         1.003277 
     6084.369646         0.997870 
     6084.379646         0.999813 
     6084.389646         0.998886 
     6084.399646         0.996086 
     6084.409646         0.995103 
     6084.419645         0.996492 
     6084.429645         0.995593 
     6084.439645         0.992790 
     6084.449645         0.994779 
     6084.459645         1.000407 
     6084.469644         1.003075 
     6084.479644         0.996114 
     6084.489644         0.994582 
     6084.499644         0.999199 
     6084.509644         1.003757 
     6084.519643         1.001036 
     6084.529643         0.998858 
     6084.539643         1.003398 
     6084.549643         0.995132 
     6084.559643         0.989441 
     6084.569643         0.996041 
     6084.579642         1.001885 
     6084.589642         1.000916 
     6084.599642         0.996235 
     6084.609642         0.998293 
     6084.619642         1.000238 
     6084.629641         0.999962 
     6084.639641         1.000338 
     6084.649641         0.995261 
     6084.659641         0.990852 
     6084.669641         0.996853 
     6084.679640         1.001670 
     6084.689640         1.002784 
     6084.699640         1.000347 
     6084.709640         0.993065 
     6084.719640         0.991992 
     6084.729639         0.999707 
     6084.739639         0.995080 
     6084.749639         0.993009 
     6084.759639         0.999837 
     6084.769639         0.999191 
     6084.779638         0.993894 
     6084.789638         0.989033 
     6084.799638         0.989688 
     6084.809638         0.995106 
     6084.819638         1.000334 
     6084.829637         1.000178 
     6084.839637         0.996699 
     6084.849637         0.995183 
     6084.859637         0.996572 
     6084.869637         0.996765 
     6084.879636         0.996448 
     6084.889636         0.995699 
     6084.899636         0.998552 
     6084.909636         0.996126 
     6084.919636         0.991182 
     6084.929635         0.997872 
     6084.939635         0.995841 
     6084.949635         0.986579 
     6084.959635         0.993273 
     6084.969635         0.995193 
     6084.979634         0.993564 
     6084.989634         1.001042 
     6084.999634         1.002370 
     6085.009634         0.999742 
     6085.019634         1.001927 
     6085.029633         1.000036 
     6085.039633         0.997973 
     6085.049633         0.998526 
     6085.059633         0.998377 
     6085.069633         0.994795 
     6085.079632         0.990951 
     6085.089632         0.993760 
     6085.099632         0.992687 
     6085.109632         0.986802 
     6085.119632         0.984800 
     6085.129631         0.973157 
     6085.139631         0.958449 
     6085.149631         0.953854 
     6085.159631         0.938974 
     6085.169631         0.912063 
     6085.179630         0.879049 
     6085.189630         0.847280 
     6085.199630         0.815872 
     6085.209630         0.783661 
     6085.219630         0.750797 
     6085.229629         0.717346 
     6085.239629         0.689548 
     6085.249629         0.680983 
     6085.259629         0.680570 
     6085.269629         0.687605 
     6085.279628         0.711348 
     6085.289628         0.745546 
     6085.299628         0.780163 
     6085.309628         0.808797 
     6085.319628         0.843345 
     6085.329627         0.878113 
     6085.339627         0.905922 
     6085.349627         0.929133 
     6085.359627         0.946175 
     6085.369627         0.958054 
     6085.379626         0.966401 
     6085.389626         0.980277 
     6085.399626         0.992499 
     6085.409626         0.988115 
     6085.419626         0.989243 
     6085.429625         0.998341 
     6085.439625         1.005878 
     6085.449625         1.007492 
     6085.459625         1.003642 
     6085.469625         0.997038 
     6085.479625         0.998787 
     6085.489624         1.001077 
     6085.499624         0.997740 
     6085.509624         0.999564 
     6085.519624         1.001953 
     6085.529624         1.002484 
     6085.539623         0.999421 
     6085.549623         1.001730 
     6085.559623         1.005640 
     6085.569623         1.000929 
     6085.579623         1.000281 
     6085.589622         1.001935 
     6085.599622         1.000415 
     6085.609622         1.004451 
     6085.619622         1.007512 
     6085.629622         1.002623 
     6085.639621         0.999244 
     6085.649621         0.999831 
     6085.659621         1.002439 
     6085.669621         1.003444 
     6085.679621         0.998120 
     6085.689620         0.992509 
     6085.699620         0.998536 
     6085.709620         1.003428 
     6085.719620         1.003514 
