     6075.999812         0.995080 
     6076.009812         0.996022 
     6076.019812         0.998181 
     6076.029811         1.002495 
     6076.039811         1.001254 
     6076.049811         0.997223 
     6076.059811         0.996319 
     6076.069811         0.996075 
     6076.079810         0.993743 
     6076.089810         0.988907 
     6076.099810         0.989119 
     6076.109810         0.994169 
     6076.119810         0.997684 
     6076.129809         0.994569 
     6076.139809         0.988091 
     6076.149809         0.990505 
     6076.159809         0.997276 
     6076.169809         1.001741 
     6076.179808         0.996291 
     6076.189808         0.993925 
     6076.199808         0.998778 
     6076.209808         1.001930 
     6076.219808         1.001676 
     6076.229807         0.999628 
     6076.239807         0.999054 
     6076.249807         1.000312 
     6076.259807         1.002226 
     6076.269807         1.000829 
     6076.279806         1.000106 
     6076.289806         1.003420 
     6076.299806         1.000430 
     6076.309806         0.996866 
     6076.319806         1.001877 
     6076.329805         1.000464 
     6076.339805         0.996559 
     6076.349805         1.001696 
     6076.359805         1.007006 
     6076.369805         1.006955 
     6076.379805         1.000471 
     6076.389804         0.999983 
     6076.399804         1.006417 
     6076.409804         1.003053 
     6076.419804         0.999423 
     6076.429804         1.001810 
     6076.439803         1.005754 
     6076.449803         1.006139 
     6076.459803         1.002745 
     6076.469803         1.002948 
     6076.479803         1.004196 
     6076.489802         1.003593 
     6076.499802         1.006806 
     6076.509802         1.006667 
     6076.519802         0.997454 
     6076.529802         0.994225 
     6076.539801         0.996597 
     6076.549801         1.000278 
     6076.559801         0.998830 
     6076.569801         0.996412 
     6076.579801         0.999180 
     6076.589800         0.998054 
     6076.599800         0.993680 
     6076.609800         0.992295 
     6076.619800         0.991705 
     6076.629800         0.990288 
     6076.639799         0.987317 
     6076.649799         0.986053 
     6076.659799         0.986172 
     6076.669799         0.989233 
     6076.679799         0.994458 
     6076.689798         0.999801 
     6076.699798         0.996911 
     6076.709798         0.994423 
     6076.719798         0.995608 
     6076.729798         0.994973 
     6076.739797         0.992686 
     6076.749797         0.991040 
     6076.759797         0.988632 
     6076.769797         0.985537 
     6076.779797         0.982121 
     6076.789796         0.975151 
     6076.799796         0.966490 
     6076.809796         0.959662 
     6076.819796         0.959256 
     6076.829796         0.958820 
     6076.839795         0.950935 
     6076.849795         0.948061 
     6076.859795         0.947341 
     6076.869795         0.938887 
     6076.879795         0.934053 
     6076.889794         0.932841 
     6076.899794         0.929625 
     6076.909794         0.932640 
     6076.919794         0.940529 
     6076.929794         0.944185 
     6076.939793         0.949190 
     6076.949793         0.954455 
     6076.959793         0.951653 
     6076.969793         0.951723 
     6076.979793         0.960422 
     6076.989792         0.966387 
     6076.999792         0.968878 
     6077.009792         0.972516 
     6077.019792         0.984166 
     6077.029792         0.990628 
     6077.039791         0.987014 
     6077.049791         0.990216 
     6077.059791         0.993800 
     6077.069791         0.992329 
     6077.079791         0.995166 
     6077.089790         0.996197 
     6077.099790         0.989528 
     6077.109790         0.991965 
     6077.119790         0.998501 
     6077.129790         0.997589 
     6077.139789         0.999875 
     6077.149789         1.001909 
     6077.159789         0.996564 
     6077.169789         0.995878 
     6077.179789         1.000345 
     6077.189788         1.002929 
     6077.199788         0.999974 
     6077.209788         0.996457 
     6077.219788         1.000382 
     6077.229788         0.999612 
     6077.239787         0.993029 
     6077.249787         0.992191 
     6077.259787         0.995404 
     6077.269787         0.998125 
     6077.279787         0.993050 
     6077.289787         0.992542 
     6077.299786         0.998858 
     6077.309786         0.998375 
     6077.319786         0.997702 
     6077.329786         0.999351 
     6077.339786         0.998445 
     6077.349785         0.992826 
     6077.359785         0.986726 
     6077.369785         0.996579 
     6077.379785         1.004623 
     6077.389785         0.999495 
     6077.399784         0.999899 
     6077.409784         1.003509 
     6077.419784         1.002092 
     6077.429784         0.996159 
     6077.439784         0.992968 
     6077.449783         0.999798 
     6077.459783         1.005326 
     6077.469783         1.006244 
     6077.479783         1.002678 
     6077.489783         0.996752 
     6077.499782         0.993558 
     6077.509782         0.998537 
     6077.519782         1.002390 
     6077.529782         1.003394 
     6077.539782         1.004608 
     6077.549781         1.001369 
     6077.559781         0.995411 
     6077.569781         0.994826 
     6077.579781         0.997271 
     6077.589781         1.001117 
     6077.599780         1.003746 
     6077.609780         1.002625 
     6077.619780         0.999215 
     6077.629780         0.998866 
     6077.639780         1.000445 
     6077.649779         1.003421 
     6077.659779         1.001694 
     6077.669779         1.000103 
     6077.679779         1.001156 
     6077.689779         0.997994 
     6077.699778         0.997061 
     6077.709778         0.998831 
     6077.719778         0.993964 
     6077.729778         0.993458 
     6077.739778         1.001334 
     6077.749777         0.995728 
     6077.759777         0.986845 
     6077.769777         0.987691 
     6077.779777         0.988816 
     6077.789777         0.989383 
     6077.799776         0.989556 
     6077.809776         0.987663 
     6077.819776         0.983144 
     6077.829776         0.978070 
     6077.839776         0.982447 
     6077.849775         0.989925 
     6077.859775         0.991144 
     6077.869775         0.994359 
     6077.879775         0.997988 
     6077.889775         0.998590 
     6077.899774         0.998209 
     6077.909774         0.996159 
     6077.919774         0.992553 
     6077.929774         0.992466 
     6077.939774         0.997212 
     6077.949773         1.002654 
     6077.959773         1.000488 
     6077.969773         0.994110 
     6077.979773         0.993494 
     6077.989773         0.992928 
     6077.999772         0.992500 
     6078.009772         0.997419 
     6078.019772         0.997517 
     6078.029772         0.993628 
     6078.039772         0.998989 
     6078.049771         1.001308 
     6078.059771         0.998425 
     6078.069771         0.999083 
     6078.079771         1.000757 
     6078.089771         1.001893 
     6078.099770         0.999180 
     6078.109770         0.998568 
     6078.119770         1.000959 
     6078.129770         0.999393 
     6078.139770         0.997917 
     6078.149769         0.998069 
     6078.159769         0.992953 
     6078.169769         0.989947 
     6078.179769         0.993465 
     6078.189769         0.998715 
     6078.199769         0.996343 
     6078.209768         0.986443 
     6078.219768         0.988059 
     6078.229768         0.992006 
     6078.239768         0.987674 
     6078.249768         0.987902 
     6078.259767         0.989667 
     6078.269767         0.987387 
     6078.279767         0.983195 
     6078.289767         0.978719 
     6078.299767         0.975007 
     6078.309766         0.972080 
     6078.319766         0.965934 
     6078.329766         0.955638 
     6078.339766         0.949526 
     6078.349766         0.938790 
     6078.359765         0.916626 
     6078.369765         0.904553 
     6078.379765         0.896545 
     6078.389765         0.875454 
     6078.399765         0.844531 
     6078.409764         0.809206 
     6078.419764         0.774123 
     6078.429764         0.735225 
     6078.439764         0.694129 
     6078.449764         0.652883 
     6078.459763         0.607595 
     6078.469763         0.564000 
     6078.479763         0.532534 
     6078.489763         0.515583 
     6078.499763         0.511735 
     6078.509762         0.518703 
     6078.519762         0.539300 
     6078.529762         0.574379 
     6078.539762         0.619663 
     6078.549762         0.668466 
     6078.559761         0.716138 
     6078.569761         0.760742 
     6078.579761         0.800489 
     6078.589761         0.837177 
     6078.599761         0.871100 
     6078.609760         0.897818 
     6078.619760         0.918745 
     6078.629760         0.936891 
     6078.639760         0.950708 
     6078.649760         0.960397 
     6078.659759         0.967705 
     6078.669759         0.972424 
     6078.679759         0.975442 
     6078.689759         0.982821 
     6078.699759         0.986130 
     6078.709758         0.983638 
     6078.719758         0.984417 
     6078.729758         0.985301 
     6078.739758         0.984330 
     6078.749758         0.990360 
     6078.759757         0.995489 
     6078.769757         0.993311 
     6078.779757         0.991072 
     6078.789757         0.989137 
     6078.799757         0.988364 
     6078.809756         0.989225 
     6078.819756         0.991634 
     6078.829756         0.992895 
     6078.839756         0.988898 
     6078.849756         0.985871 
     6078.859755         0.987715 
     6078.869755         0.982285 
     6078.879755         0.974204 
     6078.889755         0.969349 
     6078.899755         0.963395 
     6078.909754         0.950202 
     6078.919754         0.926845 
     6078.929754         0.894160 
     6078.939754         0.865409 
     6078.949754         0.843606 
     6078.959753         0.803934 
     6078.969753         0.761949 
     6078.979753         0.735515 
     6078.989753         0.702615 
     6078.999753         0.674906 
     6079.009752         0.668306 
     6079.019752         0.671380 
     6079.029752         0.682168 
     6079.039752         0.701411 
     6079.049752         0.734179 
     6079.059751         0.774165 
     6079.069751         0.812756 
     6079.079751         0.848571 
     6079.089751         0.879988 
     6079.099751         0.904922 
     6079.109751         0.930526 
     6079.119750         0.950313 
     6079.129750         0.956971 
     6079.139750         0.965290 
     6079.149750         0.979219 
     6079.159750         0.995713 
     6079.169749         0.995084 
     6079.179749         0.988238 
     6079.189749         0.995457 
     6079.199749         0.996729 
     6079.209749         0.991022 
     6079.219748         0.989180 
     6079.229748         0.999660 
     6079.239748         1.010144 
     6079.249748         1.003009 
     6079.259748         0.996451 
     6079.269747         0.999064 
     6079.279747         1.007463 
     6079.289747         1.002826 
     6079.299747         0.994409 
     6079.309747         1.001342 
     6079.319746         0.999190 
     6079.329746         0.991452 
     6079.339746         0.996070 
     6079.349746         1.004055 
     6079.359746         1.006698 
     6079.369745         1.000607 
     6079.379745         0.999436 
     6079.389745         1.005329 
     6079.399745         1.009744 
     6079.409745         1.003331 
     6079.419744         0.994350 
     6079.429744         0.999127 
     6079.439744         0.998768 
     6079.449744         0.995573 
     6079.459744         1.004410 
     6079.469743         1.005418 
     6079.479743         0.998384 
     6079.489743         0.996348 
     6079.499743         0.996377 
     6079.509743         0.998335 
     6079.519742         1.003946 
     6079.529742         1.003400 
     6079.539742         0.996402 
     6079.549742         0.991761 
     6079.559742         0.993943 
     6079.569741         0.999839 
     6079.579741         1.001946 
     6079.589741         1.000557 
     6079.599741         0.999312 
     6079.609741         1.002110 
     6079.619740         1.001381 
     6079.629740         0.997824 
     6079.639740         1.000253 
     6079.649740         0.998332 
     6079.659740         0.994871 
     6079.669739         0.999374 
     6079.679739         1.000285 
     6079.689739         0.996172 
     6079.699739         0.995045 
     6079.709739         0.998224 
     6079.719738         1.002060 
     6079.729738         0.999630 
     6079.739738         0.997995 
     6079.749738         0.998492 
     6079.759738         0.994499 
     6079.769737         0.996350 
     6079.779737         1.000322 
     6079.789737         0.994245 
     6079.799737         0.993040 
     6079.809737         0.997241 
     6079.819736         0.992036 
     6079.829736         0.991771 
     6079.839736         0.996055 
     6079.849736         0.992503 
     6079.859736         0.994376 
     6079.869735         1.001160 
     6079.879735         0.997789 
     6079.889735         0.996309 
     6079.899735         0.999542 
     6079.909735         1.001037 
     6079.919734         0.998125 
     6079.929734         0.993148 
     6079.939734         0.989519 
     6079.949734         0.987429 
     6079.959734         0.987509 
     6079.969733         0.989760 
     6079.979733         0.986655 
     6079.989733         0.980574 
     6079.999733         0.980294 
     6080.009733         0.986732 
     6080.019733         0.992340 
     6080.029732         0.987451 
     6080.039732         0.985609 
     6080.049732         0.989783 
     6080.059732         0.990523 
     6080.069732         0.992903 
     6080.079731         0.997647 
     6080.089731         1.000996 
     6080.099731         0.996206 
     6080.109731         0.990213 
     6080.119731         0.997762 
     6080.129730         1.002848 
     6080.139730         1.000421 
     6080.149730         0.997434 
     6080.159730         0.999963 
     6080.169730         1.001690 
     6080.179729         0.992534 
     6080.189729         0.991686 
     6080.199729         0.999558 
     6080.209729         0.999891 
     6080.219729         1.000491 
     6080.229728         0.998400 
     6080.239728         0.986199 
     6080.249728         0.985845 
     6080.259728         0.995775 
     6080.269728         0.996961 
     6080.279727         0.997781 
     6080.289727         0.999005 
     6080.299727         0.996640 
     6080.309727         0.996483 
     6080.319727         0.999863 
     6080.329726         1.005035 
     6080.339726         0.999528 
     6080.349726         0.993748 
     6080.359726         1.006464 
     6080.369726         1.003953 
     6080.379725         0.995161 
     6080.389725         1.006615 
     6080.399725         1.011387 
     6080.409725         1.005777 
     6080.419725         1.001824 
     6080.429724         1.001735 
     6080.439724         1.002694 
     6080.449724         1.002411 
     6080.459724         1.003465 
     6080.469724         1.005992 
     6080.479723         1.009700 
     6080.489723         1.010799 
     6080.499723         1.009618 
     6080.509723         1.005748 
     6080.519723         1.000443 
     6080.529722         0.998374 
     6080.539722         1.002442 
     6080.549722         0.998320 
     6080.559722         0.993558 
     6080.569722         1.001234 
     6080.579721         1.000486 
     6080.589721         0.995476 
     6080.599721         0.996907 
     6080.609721         1.000209 
     6080.619721         1.001677 
     6080.629720         0.998524 
     6080.639720         0.998381 
     6080.649720         1.001810 
     6080.659720         1.005982 
     6080.669720         1.004944 
     6080.679719         1.000587 
     6080.689719         0.997596 
     6080.699719         1.000023 
     6080.709719         0.999751 
     6080.719719         0.994253 
     6080.729718         0.997991 
     6080.739718         1.005650 
     6080.749718         1.006220 
     6080.759718         1.004057 
     6080.769718         1.001240 
     6080.779717         0.999497 
     6080.789717         0.997645 
     6080.799717         0.996692 
     6080.809717         0.997963 
     6080.819717         1.001753 
     6080.829716         1.001287 
     6080.839716         0.995032 
     6080.849716         0.996105 
     6080.859716         0.997516 
     6080.869716         0.996663 
     6080.879715         1.000531 
     6080.889715         1.002855 
     6080.899715         1.000545 
     6080.909715         0.997631 
     6080.919715         0.995621 
     6080.929715         0.996720 
     6080.939714         1.003833 
     6080.949714         1.004899 
     6080.959714         0.997661 
     6080.969714         0.997040 
     6080.979714         1.000250 
     6080.989713         1.001330 
     6080.999713         0.994719 
     6081.009713         0.996627 
     6081.019713         1.005512 
     6081.029713         1.000553 
     6081.039712         0.994828 
     6081.049712         0.995789 
     6081.059712         0.999372 
     6081.069712         1.000715 
     6081.079712         0.999742 
     6081.089711         1.002928 
     6081.099711         1.003186 
     6081.109711         0.999029 
     6081.119711         0.996224 
     6081.129711         0.998518 
     6081.139710         1.000948 
     6081.149710         0.996288 
     6081.159710         0.994917 
     6081.169710         0.996374 
     6081.179710         0.991850 
     6081.189709         0.990917 
     6081.199709         0.993390 
     6081.209709         0.993087 
     6081.219709         0.991689 
     6081.229709         0.991161 
     6081.239708         0.993439 
     6081.249708         0.996327 
     6081.259708         0.997527 
     6081.269708         0.994203 
     6081.279708         0.996007 
     6081.289707         0.997505 
     6081.299707         0.992289 
     6081.309707         0.992898 
     6081.319707         0.997108 
     6081.329707         0.994740 
     6081.339706         0.987638 
     6081.349706         0.983110 
     6081.359706         0.985300 
     6081.369706         0.977877 
     6081.379706         0.960257 
     6081.389705         0.940139 
     6081.399705         0.931023 
     6081.409705         0.925501 
     6081.419705         0.914487 
     6081.429705         0.900916 
     6081.439704         0.895749 
     6081.449704         0.902904 
     6081.459704         0.901959 
     6081.469704         0.903343 
     6081.479704         0.915566 
     6081.489703         0.922639 
     6081.499703         0.932815 
     6081.509703         0.948552 
     6081.519703         0.955929 
     6081.529703         0.964057 
     6081.539702         0.978211 
     6081.549702         0.987772 
     6081.559702         0.992462 
     6081.569702         0.994094 
     6081.579702         0.996574 
     6081.589701         0.997258 
     6081.599701         0.996150 
     6081.609701         0.999996 
     6081.619701         0.997884 
     6081.629701         0.990808 
     6081.639700         0.990088 
     6081.649700         0.988357 
     6081.659700         0.985841 
     6081.669700         0.987817 
     6081.679700         0.985289 
     6081.689699         0.979541 
     6081.699699         0.978846 
     6081.709699         0.982864 
     6081.719699         0.985886 
     6081.729699         0.981094 
     6081.739698         0.976446 
     6081.749698         0.976029 
     6081.759698         0.980220 
     6081.769698         0.982406 
     6081.779698         0.983380 
     6081.789697         0.984667 
     6081.799697         0.985921 
     6081.809697         0.988160 
     6081.819697         0.992237 
     6081.829697         0.993526 
     6081.839697         0.990952 
     6081.849696         0.986163 
     6081.859696         0.984712 
     6081.869696         0.988256 
     6081.879696         0.994434 
     6081.889696         0.995207 
     6081.899695         0.992933 
     6081.909695         0.994356 
     6081.919695         0.998669 
     6081.929695         1.000306 
     6081.939695         0.996434 
     6081.949694         0.996020 
     6081.959694         0.998130 
     6081.969694         1.000068 
     6081.979694         1.001227 
     6081.989694         1.003232 
     6081.999693         1.006430 
     6082.009693         1.009301 
