     5087.779360         0.997659 
     5087.789360         0.994806 
     5087.799359         0.992642 
     5087.809359         0.993659 
     5087.819359         0.992533 
     5087.829359         0.990013 
     5087.839359         0.990648 
     5087.849358         0.991160 
     5087.859358         0.989822 
     5087.869358         0.986349 
     5087.879358         0.982212 
     5087.889358         0.983326 
     5087.899357         0.995267 
     5087.909357         0.998155 
     5087.919357         0.991804 
     5087.929357         0.989062 
     5087.939357         0.984322 
     5087.949356         0.978102 
     5087.959356         0.974054 
     5087.969356         0.964896 
     5087.979356         0.954657 
     5087.989356         0.953701 
     5087.999355         0.952083 
     5088.009355         0.945611 
     5088.019355         0.936284 
     5088.029355         0.930177 
     5088.039355         0.929310 
     5088.049354         0.930752 
     5088.059354         0.923809 
     5088.069354         0.908608 
     5088.079354         0.892067 
     5088.089354         0.872034 
     5088.099353         0.844607 
     5088.109353         0.807126 
     5088.119353         0.773249 
     5088.129353         0.741576 
     5088.139353         0.704340 
     5088.149352         0.685693 
     5088.159352         0.691082 
     5088.169352         0.711412 
     5088.179352         0.736042 
     5088.189352         0.765248 
     5088.199351         0.804058 
     5088.209351         0.843903 
     5088.219351         0.881819 
     5088.229351         0.917639 
     5088.239351         0.938381 
     5088.249350         0.952252 
     5088.259350         0.976098 
     5088.269350         0.986459 
     5088.279350         0.987722 
     5088.289350         0.995817 
     5088.299349         0.997807 
     5088.309349         0.995322 
     5088.319349         0.999109 
     5088.329349         1.003313 
     5088.339349         1.004972 
     5088.349349         1.004060 
     5088.359348         1.006515 
     5088.369348         1.008023 
     5088.379348         1.000868 
     5088.389348         0.996666 
     5088.399348         0.993301 
     5088.409347         0.983409 
     5088.419347         0.979961 
     5088.429347         0.979636 
     5088.439347         0.970768 
     5088.449347         0.957423 
     5088.459346         0.939936 
     5088.469346         0.916504 
     5088.479346         0.888639 
     5088.489346         0.857063 
     5088.499346         0.822708 
     5088.509345         0.790177 
     5088.519345         0.761090 
     5088.529345         0.737043 
     5088.539345         0.730152 
     5088.549345         0.737143 
     5088.559344         0.748904 
     5088.569344         0.771486 
     5088.579344         0.803962 
     5088.589344         0.840526 
     5088.599344         0.871679 
     5088.609343         0.897998 
     5088.619343         0.923559 
     5088.629343         0.943247 
     5088.639343         0.954401 
     5088.649343         0.959192 
     5088.659342         0.971644 
     5088.669342         0.981444 
     5088.679342         0.975597 
     5088.689342         0.976699 
     5088.699342         0.984375 
     5088.709341         0.988801 
     5088.719341         0.982810 
     5088.729341         0.975529 
     5088.739341         0.977477 
     5088.749341         0.980088 
     5088.759340         0.981730 
     5088.769340         0.983591 
     5088.779340         0.986124 
     5088.789340         0.988835 
     5088.799340         0.990037 
     5088.809339         0.985710 
     5088.819339         0.983841 
     5088.829339         0.989812 
     5088.839339         0.987718 
     5088.849339         0.983082 
     5088.859338         0.981623 
     5088.869338         0.968910 
     5088.879338         0.951769 
     5088.889338         0.936439 
     5088.899338         0.908379 
     5088.909337         0.875238 
     5088.919337         0.845321 
     5088.929337         0.810647 
     5088.939337         0.778812 
     5088.949337         0.759760 
     5088.959336         0.760505 
     5088.969336         0.769947 
     5088.979336         0.780173 
     5088.989336         0.799376 
     5088.999336         0.828035 
     5089.009335         0.861656 
     5089.019335         0.889117 
     5089.029335         0.908426 
     5089.039335         0.922031 
     5089.049335         0.936588 
     5089.059334         0.947470 
     5089.069334         0.953559 
     5089.079334         0.965180 
     5089.089334         0.973461 
     5089.099334         0.971314 
     5089.109333         0.961174 
     5089.119333         0.957317 
     5089.129333         0.960251 
     5089.139333         0.946553 
     5089.149333         0.931634 
     5089.159332         0.923597 
     5089.169332         0.911835 
     5089.179332         0.900355 
     5089.189332         0.891899 
     5089.199332         0.885483 
     5089.209331         0.880138 
     5089.219331         0.878976 
     5089.229331         0.887649 
     5089.239331         0.894109 
     5089.249331         0.895895 
     5089.259331         0.902728 
     5089.269330         0.912501 
     5089.279330         0.920602 
     5089.289330         0.923109 
     5089.299330         0.930898 
     5089.309330         0.940362 
     5089.319329         0.935720 
     5089.329329         0.930504 
     5089.339329         0.929807 
     5089.349329         0.927734 
     5089.359329         0.920395 
     5089.369328         0.916338 
     5089.379328         0.929922 
     5089.389328         0.934664 
     5089.399328         0.931658 
     5089.409328         0.942142 
     5089.419327         0.950990 
     5089.429327         0.955317 
     5089.439327         0.961055 
     5089.449327         0.965067 
     5089.459327         0.966180 
     5089.469326         0.966395 
     5089.479326         0.970689 
     5089.489326         0.974856 
     5089.499326         0.972863 
     5089.509326         0.979357 
     5089.519325         0.986905 
     5089.529325         0.981491 
     5089.539325         0.981813 
     5089.549325         0.986688 
     5089.559325         0.987693 
     5089.569324         0.990280 
     5089.579324         0.992486 
     5089.589324         0.991353 
     5089.599324         0.996057 
     5089.609324         0.998353 
     5089.619323         0.992115 
     5089.629323         0.994772 
     5089.639323         1.001518 
     5089.649323         1.002626 
     5089.659323         0.999661 
     5089.669322         0.998476 
     5089.679322         1.002050 
     5089.689322         1.002671 
     5089.699322         1.004452 
     5089.709322         1.010552 
     5089.719321         1.011454 
     5089.729321         1.009146 
     5089.739321         1.007105 
     5089.749321         1.006105 
     5089.759321         1.004331 
     5089.769320         0.999865 
     5089.779320         0.992311 
     5089.789320         0.987354 
     5089.799320         0.987968 
     5089.809320         0.989071 
     5089.819319         0.988018 
     5089.829319         0.983918 
     5089.839319         0.978708 
     5089.849319         0.976040 
     5089.859319         0.978031 
     5089.869318         0.982557 
     5089.879318         0.983051 
     5089.889318         0.980861 
     5089.899318         0.987836 
     5089.909318         0.998184 
     5089.919317         1.004904 
     5089.929317         1.002825 
     5089.939317         1.003625 
     5089.949317         1.006239 
     5089.959317         0.999660 
     5089.969316         0.999819 
     5089.979316         1.005615 
     5089.989316         1.002635 
     5089.999316         1.003504 
     5090.009316         1.006727 
     5090.019315         1.002030 
     5090.029315         0.995533 
     5090.039315         0.992874 
     5090.049315         0.996156 
     5090.059315         0.993624 
     5090.069314         0.987866 
     5090.079314         0.987325 
     5090.089314         0.988201 
     5090.099314         0.991649 
     5090.109314         0.998652 
     5090.119313         0.995713 
     5090.129313         0.989927 
     5090.139313         0.990798 
     5090.149313         0.984618 
     5090.159313         0.971015 
     5090.169313         0.956271 
     5090.179312         0.952156 
     5090.189312         0.948413 
     5090.199312         0.935915 
     5090.209312         0.929256 
     5090.219312         0.928552 
     5090.229311         0.929395 
     5090.239311         0.931018 
     5090.249311         0.933001 
     5090.259311         0.936689 
     5090.269311         0.946238 
     5090.279310         0.956009 
     5090.289310         0.963393 
     5090.299310         0.974065 
     5090.309310         0.979928 
     5090.319310         0.979178 
     5090.329309         0.980830 
     5090.339309         0.980646 
     5090.349309         0.977840 
     5090.359309         0.979129 
     5090.369309         0.973575 
     5090.379308         0.966265 
     5090.389308         0.976216 
     5090.399308         0.981290 
     5090.409308         0.976109 
     5090.419308         0.973623 
     5090.429307         0.970048 
     5090.439307         0.966617 
     5090.449307         0.968831 
     5090.459307         0.974776 
     5090.469307         0.978532 
     5090.479306         0.973966 
     5090.489306         0.970619 
     5090.499306         0.971991 
     5090.509306         0.977321 
     5090.519306         0.980820 
     5090.529305         0.980722 
     5090.539305         0.978878 
     5090.549305         0.983616 
     5090.559305         0.987882 
     5090.569305         0.983032 
     5090.579304         0.979951 
     5090.589304         0.976432 
     5090.599304         0.970032 
     5090.609304         0.970571 
     5090.619304         0.970922 
     5090.629303         0.963265 
     5090.639303         0.953000 
     5090.649303         0.938674 
     5090.659303         0.918709 
     5090.669303         0.893181 
     5090.679302         0.862656 
     5090.689302         0.824557 
     5090.699302         0.772901 
     5090.709302         0.719478 
     5090.719302         0.664718 
     5090.729301         0.589676 
     5090.739301         0.520384 
     5090.749301         0.468013 
     5090.759301         0.421874 
     5090.769301         0.384386 
     5090.779300         0.364613 
     5090.789300         0.374547 
     5090.799300         0.403946 
     5090.809300         0.446518 
     5090.819300         0.500968 
     5090.829299         0.565179 
     5090.839299         0.629789 
     5090.849299         0.684534 
     5090.859299         0.737138 
     5090.869299         0.785539 
     5090.879298         0.822754 
     5090.889298         0.850753 
     5090.899298         0.873723 
     5090.909298         0.894425 
     5090.919298         0.907084 
     5090.929297         0.915346 
     5090.939297         0.925979 
     5090.949297         0.944543 
     5090.959297         0.953144 
     5090.969297         0.944066 
     5090.979296         0.954254 
     5090.989296         0.965226 
     5090.999296         0.963077 
     5091.009296         0.973190 
     5091.019296         0.978967 
     5091.029295         0.971481 
     5091.039295         0.973926 
     5091.049295         0.983201 
     5091.059295         0.991641 
     5091.069295         0.994405 
     5091.079295         0.996286 
     5091.089294         0.997418 
     5091.099294         0.990217 
     5091.109294         0.984957 
     5091.119294         0.984233 
     5091.129294         0.982529 
     5091.139293         0.983633 
     5091.149293         0.984348 
     5091.159293         0.978528 
     5091.169293         0.977054 
     5091.179293         0.975664 
     5091.189292         0.964929 
     5091.199292         0.967197 
     5091.209292         0.976300 
     5091.219292         0.975300 
     5091.229292         0.970456 
     5091.239291         0.969006 
     5091.249291         0.972920 
     5091.259291         0.965075 
     5091.269291         0.955711 
     5091.279291         0.955920 
     5091.289290         0.953242 
     5091.299290         0.950671 
     5091.309290         0.950421 
     5091.319290         0.944158 
     5091.329290         0.944755 
     5091.339289         0.956872 
     5091.349289         0.961566 
     5091.359289         0.967098 
     5091.369289         0.977451 
     5091.379289         0.983450 
     5091.389288         0.981170 
     5091.399288         0.977389 
     5091.409288         0.984864 
     5091.419288         0.985185 
     5091.429288         0.977520 
     5091.439287         0.977090 
     5091.449287         0.976068 
     5091.459287         0.973856 
     5091.469287         0.976658 
     5091.479287         0.985875 
     5091.489286         0.991824 
     5091.499286         0.985606 
     5091.509286         0.987641 
     5091.519286         0.991205 
     5091.529286         0.986939 
     5091.539285         0.992985 
     5091.549285         1.001789 
     5091.559285         1.001885 
     5091.569285         0.999179 
     5091.579285         0.995368 
     5091.589284         0.991644 
     5091.599284         0.991194 
     5091.609284         0.992705 
     5091.619284         0.994668 
     5091.629284         0.998879 
     5091.639283         0.997857 
     5091.649283         0.989079 
     5091.659283         0.977966 
     5091.669283         0.968393 
     5091.679283         0.959118 
     5091.689282         0.945311 
     5091.699282         0.934469 
     5091.709282         0.928898 
     5091.719282         0.925563 
     5091.729282         0.922035 
     5091.739281         0.919554 
     5091.749281         0.919966 
     5091.759281         0.918676 
     5091.769281         0.920791 
     5091.779281         0.933610 
     5091.789280         0.949174 
     5091.799280         0.956273 
     5091.809280         0.949684 
     5091.819280         0.946829 
     5091.829280         0.943818 
     5091.839279         0.933569 
     5091.849279         0.917648 
     5091.859279         0.907032 
     5091.869279         0.905394 
     5091.879279         0.899655 
     5091.889278         0.896656 
     5091.899278         0.901599 
     5091.909278         0.908925 
     5091.919278         0.918625 
     5091.929278         0.932720 
     5091.939277         0.953141 
     5091.949277         0.967263 
     5091.959277         0.972760 
     5091.969277         0.977057 
     5091.979277         0.984342 
     5091.989277         0.990314 
     5091.999276         0.988605 
     5092.009276         0.994155 
     5092.019276         0.999583 
     5092.029276         0.991785 
     5092.039276         0.989161 
     5092.049275         0.990248 
     5092.059275         0.987680 
     5092.069275         0.985204 
     5092.079275         0.984727 
     5092.089275         0.986167 
     5092.099274         0.985698 
     5092.109274         0.982551 
     5092.119274         0.979722 
     5092.129274         0.983346 
     5092.139274         0.985042 
     5092.149273         0.981712 
     5092.159273         0.980845 
     5092.169273         0.981844 
     5092.179273         0.980587 
     5092.189273         0.973630 
     5092.199272         0.971547 
     5092.209272         0.971414 
     5092.219272         0.961441 
     5092.229272         0.956100 
     5092.239272         0.950355 
     5092.249271         0.929833 
     5092.259271         0.908710 
     5092.269271         0.896123 
     5092.279271         0.891311 
     5092.289271         0.873482 
     5092.299270         0.861444 
     5092.309270         0.871854 
     5092.319270         0.871933 
     5092.329270         0.870102 
     5092.339270         0.879009 
     5092.349269         0.895244 
     5092.359269         0.911495 
     5092.369269         0.923329 
     5092.379269         0.934077 
     5092.389269         0.945940 
     5092.399268         0.954380 
     5092.409268         0.950311 
     5092.419268         0.947611 
     5092.429268         0.947414 
     5092.439268         0.939079 
     5092.449267         0.931449 
     5092.459267         0.927434 
     5092.469267         0.926099 
     5092.479267         0.928066 
     5092.489267         0.934927 
     5092.499266         0.945203 
     5092.509266         0.949198 
     5092.519266         0.954143 
     5092.529266         0.965668 
     5092.539266         0.968721 
     5092.549265         0.971416 
     5092.559265         0.978528 
     5092.569265         0.975478 
     5092.579265         0.971760 
     5092.589265         0.975379 
     5092.599264         0.981374 
     5092.609264         0.984103 
     5092.619264         0.982822 
     5092.629264         0.983701 
     5092.639264         0.988385 
     5092.649263         0.991488 
     5092.659263         0.985338 
     5092.669263         0.986660 
     5092.679263         0.992312 
     5092.689263         0.989763 
     5092.699262         0.991346 
     5092.709262         0.994050 
     5092.719262         0.989932 
     5092.729262         0.981362 
     5092.739262         0.974040 
     5092.749261         0.970457 
     5092.759261         0.960928 
     5092.769261         0.952542 
     5092.779261         0.948263 
     5092.789261         0.938584 
     5092.799260         0.930527 
     5092.809260         0.929897 
     5092.819260         0.934985 
     5092.829260         0.935912 
     5092.839260         0.935930 
     5092.849259         0.948431 
     5092.859259         0.959176 
     5092.869259         0.962492 
     5092.879259         0.961796 
     5092.889259         0.968690 
     5092.899259         0.976264 
     5092.909258         0.974989 
     5092.919258         0.979926 
     5092.929258         0.986833 
     5092.939258         0.987754 
     5092.949258         0.987132 
     5092.959257         0.992408 
     5092.969257         1.002558 
     5092.979257         1.000251 
     5092.989257         0.999051 
     5092.999257         1.003179 
     5093.009256         0.997582 
     5093.019256         0.998369 
     5093.029256         1.005551 
     5093.039256         1.000963 
     5093.049256         1.000503 
     5093.059255         1.005049 
     5093.069255         1.003053 
     5093.079255         0.998818 
     5093.089255         0.996258 
     5093.099255         0.997324 
     5093.109254         0.999181 
     5093.119254         0.998936 
     5093.129254         0.996898 
     5093.139254         1.004082 
     5093.149254         1.011696 
     5093.159253         1.011754 
     5093.169253         1.006855 
     5093.179253         1.003981 
     5093.189253         1.004836 
     5093.199253         1.003116 
     5093.209252         0.999509 
     5093.219252         0.996940 
     5093.229252         0.998135 
     5093.239252         0.999497 
     5093.249252         0.998979 
     5093.259251         0.996358 
     5093.269251         0.990976 
     5093.279251         0.987727 
     5093.289251         0.990080 
     5093.299251         0.988671 
     5093.309250         0.988326 
     5093.319250         0.994856 
     5093.329250         0.997752 
     5093.339250         0.996672 
     5093.349250         0.994164 
     5093.359249         0.993361 
     5093.369249         0.992642 
     5093.379249         0.990492 
     5093.389249         0.989949 
     5093.399249         0.987785 
     5093.409248         0.981468 
     5093.419248         0.970825 
     5093.429248         0.972824 
     5093.439248         0.978366 
     5093.449248         0.967891 
     5093.459247         0.966258 
     5093.469247         0.972320 
     5093.479247         0.975552 
     5093.489247         0.978557 
     5093.499247         0.980033 
     5093.509246         0.978304 
     5093.519246         0.973989 
     5093.529246         0.971310 
     5093.539246         0.972083 
     5093.549246         0.974798 
     5093.559245         0.976337 
     5093.569245         0.974628 
     5093.579245         0.969735 
     5093.589245         0.967869 
     5093.599245         0.969793 
     5093.609244         0.970880 
     5093.619244         0.969152 
     5093.629244         0.965958 
     5093.639244         0.964127 
     5093.649244         0.964563 
     5093.659243         0.963364 
     5093.669243         0.959300 
     5093.679243         0.961683 
     5093.689243         0.961633 
     5093.699243         0.957100 
     5093.709242         0.967474 
     5093.719242         0.971444 
     5093.729242         0.963456 
     5093.739242         0.967686 
     5093.749242         0.973260 
     5093.759241         0.975172 
     5093.769241         0.977801 
     5093.779241         0.979216 
