     6053.000267         0.985331 
     6053.010267         0.986392 
     6053.020267         0.987367 
     6053.030266         0.984557 
     6053.040266         0.984182 
     6053.050266         0.987754 
     6053.060266         0.995119 
     6053.070266         0.999142 
     6053.080265         0.994612 
     6053.090265         0.992922 
     6053.100265         0.996174 
     6053.110265         0.995782 
     6053.120265         0.992758 
     6053.130264         0.992126 
     6053.140264         0.992287 
     6053.150264         0.993311 
     6053.160264         0.996266 
     6053.170264         0.999286 
     6053.180263         0.996975 
     6053.190263         0.993524 
     6053.200263         0.994105 
     6053.210263         0.995966 
     6053.220263         0.996975 
     6053.230262         0.995569 
     6053.240262         0.993923 
     6053.250262         0.994499 
     6053.260262         0.996285 
     6053.270262         0.997633 
     6053.280261         0.997547 
     6053.290261         0.996991 
     6053.300261         0.999354 
     6053.310261         1.002605 
     6053.320261         1.004104 
     6053.330260         1.001439 
     6053.340260         0.996936 
     6053.350260         1.001011 
     6053.360260         1.006990 
     6053.370260         0.998364 
     6053.380259         0.990538 
     6053.390259         0.995348 
     6053.400259         0.994954 
     6053.410259         0.986239 
     6053.420259         0.981676 
     6053.430258         0.979515 
     6053.440258         0.974704 
     6053.450258         0.971438 
     6053.460258         0.971754 
     6053.470258         0.967454 
     6053.480257         0.962325 
     6053.490257         0.967281 
     6053.500257         0.974435 
     6053.510257         0.975776 
     6053.520257         0.977525 
     6053.530256         0.981287 
     6053.540256         0.981719 
     6053.550256         0.979924 
     6053.560256         0.978298 
     6053.570256         0.976810 
     6053.580255         0.975348 
     6053.590255         0.969472 
     6053.600255         0.959304 
     6053.610255         0.948352 
     6053.620255         0.936704 
     6053.630255         0.924221 
     6053.640254         0.908681 
     6053.650254         0.890599 
     6053.660254         0.872800 
     6053.670254         0.860014 
     6053.680254         0.857457 
     6053.690253         0.860205 
     6053.700253         0.864393 
     6053.710253         0.870615 
     6053.720253         0.880175 
     6053.730253         0.896480 
     6053.740252         0.915260 
     6053.750252         0.932470 
     6053.760252         0.947388 
     6053.770252         0.960582 
     6053.780252         0.970250 
     6053.790251         0.976865 
     6053.800251         0.980811 
     6053.810251         0.984166 
     6053.820251         0.987947 
     6053.830251         0.991033 
     6053.840250         0.993755 
     6053.850250         0.996577 
     6053.860250         0.998201 
     6053.870250         0.996419 
     6053.880250         0.996141 
     6053.890249         0.998643 
     6053.900249         0.998016 
     6053.910249         0.997173 
     6053.920249         1.001526 
     6053.930249         1.002891 
     6053.940248         0.997143 
     6053.950248         0.992723 
     6053.960248         0.992275 
     6053.970248         0.993535 
     6053.980248         0.992554 
     6053.990247         0.984917 
     6054.000247         0.978411 
     6054.010247         0.973693 
     6054.020247         0.961769 
     6054.030247         0.946162 
     6054.040246         0.937682 
     6054.050246         0.933121 
     6054.060246         0.928924 
     6054.070246         0.926392 
     6054.080246         0.926170 
     6054.090245         0.929265 
     6054.100245         0.934548 
     6054.110245         0.941908 
     6054.120245         0.951748 
     6054.130245         0.963521 
     6054.140244         0.968277 
     6054.150244         0.970520 
     6054.160244         0.978387 
     6054.170244         0.985869 
     6054.180244         0.988791 
     6054.190243         0.992553 
     6054.200243         0.996539 
     6054.210243         0.993500 
     6054.220243         0.992608 
     6054.230243         1.002485 
     6054.240242         1.006955 
     6054.250242         1.001637 
     6054.260242         0.996251 
     6054.270242         0.995744 
     6054.280242         1.002176 
     6054.290241         1.005010 
     6054.300241         0.998916 
     6054.310241         0.996918 
     6054.320241         1.000575 
     6054.330241         1.002567 
     6054.340240         1.002225 
     6054.350240         0.998883 
     6054.360240         0.994636 
     6054.370240         0.991931 
     6054.380240         0.996720 
     6054.390239         1.002636 
     6054.400239         0.999540 
     6054.410239         0.995956 
     6054.420239         0.998068 
     6054.430239         0.999731 
     6054.440238         0.999501 
     6054.450238         0.999029 
     6054.460238         0.999664 
     6054.470238         1.001435 
     6054.480238         0.999489 
     6054.490237         0.995555 
     6054.500237         1.001397 
     6054.510237         1.008393 
     6054.520237         1.001991 
     6054.530237         0.998066 
     6054.540237         1.003657 
     6054.550236         1.005814 
     6054.560236         1.003175 
     6054.570236         1.000525 
     6054.580236         0.999706 
     6054.590236         1.002253 
     6054.600235         1.003953 
     6054.610235         1.003868 
     6054.620235         1.002137 
     6054.630235         1.000671 
     6054.640235         1.002114 
     6054.650234         1.002684 
     6054.660234         1.002051 
     6054.670234         1.003065 
     6054.680234         1.004373 
     6054.690234         1.001876 
     6054.700233         1.001377 
     6054.710233         1.005749 
     6054.720233         1.006174 
     6054.730233         1.002424 
     6054.740233         1.002349 
     6054.750232         1.004772 
     6054.760232         1.007287 
     6054.770232         1.005759 
     6054.780232         1.001288 
     6054.790232         1.004735 
     6054.800231         1.009795 
     6054.810231         1.005276 
     6054.820231         1.000274 
     6054.830231         1.002005 
     6054.840231         1.002156 
     6054.850230         1.000485 
     6054.860230         1.002577 
     6054.870230         1.004813 
     6054.880230         1.003215 
     6054.890230         1.001131 
     6054.900229         0.999288 
     6054.910229         0.998195 
     6054.920229         0.998681 
     6054.930229         1.002989 
     6054.940229         1.004985 
     6054.950228         1.001627 
     6054.960228         0.995996 
     6054.970228         0.992234 
     6054.980228         0.997258 
     6054.990228         0.999440 
     6055.000227         0.991465 
     6055.010227         0.989826 
     6055.020227         0.995014 
     6055.030227         0.989732 
     6055.040227         0.981417 
     6055.050226         0.980502 
     6055.060226         0.981460 
     6055.070226         0.980618 
     6055.080226         0.977265 
     6055.090226         0.973963 
     6055.100225         0.975500 
     6055.110225         0.979753 
     6055.120225         0.985157 
     6055.130225         0.986251 
     6055.140225         0.984585 
     6055.150224         0.985821 
     6055.160224         0.988768 
     6055.170224         0.991835 
     6055.180224         0.994566 
     6055.190224         0.997587 
     6055.200223         0.998143 
     6055.210223         0.998365 
     6055.220223         1.000219 
     6055.230223         0.998678 
     6055.240223         0.993040 
     6055.250222         0.996074 
     6055.260222         1.003859 
     6055.270222         1.001834 
     6055.280222         0.998209 
     6055.290222         1.000857 
     6055.300221         1.000538 
     6055.310221         0.996216 
     6055.320221         0.994233 
     6055.330221         0.992715 
     6055.340221         0.988199 
     6055.350220         0.985607 
     6055.360220         0.986758 
     6055.370220         0.985059 
     6055.380220         0.981619 
     6055.390220         0.981038 
     6055.400219         0.981018 
     6055.410219         0.980598 
     6055.420219         0.982641 
     6055.430219         0.986119 
     6055.440219         0.987621 
     6055.450219         0.987781 
     6055.460218         0.988499 
     6055.470218         0.992839 
     6055.480218         0.999176 
     6055.490218         0.996958 
     6055.500218         0.993261 
     6055.510217         0.997548 
     6055.520217         1.001221 
     6055.530217         0.999825 
     6055.540217         0.999159 
     6055.550217         1.000155 
     6055.560216         1.000397 
     6055.570216         1.000724 
     6055.580216         1.001339 
     6055.590216         0.999467 
     6055.600216         0.996938 
     6055.610215         0.999687 
     6055.620215         1.002478 
     6055.630215         0.999905 
     6055.640215         0.999221 
     6055.650215         1.002167 
     6055.660214         1.001642 
     6055.670214         1.000229 
     6055.680214         1.001457 
     6055.690214         1.001016 
     6055.700214         0.998244 
     6055.710213         0.999751 
     6055.720213         1.001830 
     6055.730213         0.995732 
     6055.740213         0.990088 
     6055.750213         0.991716 
     6055.760212         0.997202 
     6055.770212         1.002005 
     6055.780212         0.997671 
     6055.790212         0.990263 
     6055.800212         0.986936 
     6055.810211         0.985294 
     6055.820211         0.983811 
     6055.830211         0.979822 
     6055.840211         0.973847 
     6055.850211         0.967632 
     6055.860210         0.958926 
     6055.870210         0.947614 
     6055.880210         0.933751 
     6055.890210         0.917273 
     6055.900210         0.897217 
     6055.910209         0.871957 
     6055.920209         0.839448 
     6055.930209         0.800464 
     6055.940209         0.756988 
     6055.950209         0.714023 
     6055.960208         0.669835 
     6055.970208         0.623168 
     6055.980208         0.583742 
     6055.990208         0.555128 
     6056.000208         0.534866 
     6056.010207         0.525625 
     6056.020207         0.531519 
     6056.030207         0.553637 
     6056.040207         0.589427 
     6056.050207         0.626587 
     6056.060206         0.666590 
     6056.070206         0.716927 
     6056.080206         0.767289 
     6056.090206         0.809513 
     6056.100206         0.847138 
     6056.110205         0.880653 
     6056.120205         0.908938 
     6056.130205         0.929158 
     6056.140205         0.940029 
     6056.150205         0.950383 
     6056.160204         0.961678 
     6056.170204         0.970073 
     6056.180204         0.976753 
     6056.190204         0.984341 
     6056.200204         0.987974 
     6056.210203         0.985837 
     6056.220203         0.986263 
     6056.230203         0.988679 
     6056.240203         0.989198 
     6056.250203         0.988987 
     6056.260202         0.989024 
     6056.270202         0.987525 
     6056.280202         0.983707 
     6056.290202         0.977798 
     6056.300202         0.974249 
     6056.310201         0.976448 
     6056.320201         0.977117 
     6056.330201         0.973494 
     6056.340201         0.965654 
     6056.350201         0.963257 
     6056.360201         0.976126 
     6056.370200         0.981804 
     6056.380200         0.975887 
     6056.390200         0.979927 
     6056.400200         0.988853 
     6056.410200         0.987709 
     6056.420199         0.985150 
     6056.430199         0.987003 
     6056.440199         0.988912 
     6056.450199         0.989701 
     6056.460199         0.987355 
     6056.470198         0.986620 
     6056.480198         0.989229 
     6056.490198         0.989794 
     6056.500198         0.988496 
     6056.510198         0.991433 
     6056.520197         0.994323 
     6056.530197         0.992569 
     6056.540197         0.990450 
     6056.550197         0.990163 
     6056.560197         0.990114 
     6056.570196         0.989753 
     6056.580196         0.988434 
     6056.590196         0.989584 
     6056.600196         0.993590 
     6056.610196         0.993997 
     6056.620195         0.992135 
     6056.630195         0.991366 
     6056.640195         0.990498 
     6056.650195         0.989158 
     6056.660195         0.992596 
     6056.670194         0.998378 
     6056.680194         0.997489 
     6056.690194         0.994460 
     6056.700194         0.994122 
     6056.710194         0.995717 
     6056.720193         0.998021 
     6056.730193         0.998075 
     6056.740193         0.995670 
     6056.750193         0.991773 
     6056.760193         0.992482 
     6056.770192         0.998164 
     6056.780192         0.998456 
     6056.790192         0.995279 
     6056.800192         0.993418 
     6056.810192         0.991116 
     6056.820191         0.988204 
     6056.830191         0.989209 
     6056.840191         0.992563 
     6056.850191         0.993151 
     6056.860191         0.994789 
     6056.870190         0.999004 
     6056.880190         0.998153 
     6056.890190         0.993423 
     6056.900190         0.991876 
     6056.910190         0.994792 
     6056.920189         1.000784 
     6056.930189         1.004164 
     6056.940189         1.003103 
     6056.950189         0.998547 
     6056.960189         0.996077 
     6056.970188         0.999392 
     6056.980188         1.001847 
     6056.990188         1.000412 
     6057.000188         1.000365 
     6057.010188         1.001310 
     6057.020187         1.002175 
     6057.030187         1.000043 
     6057.040187         0.995375 
     6057.050187         0.995108 
     6057.060187         0.998032 
     6057.070186         0.999808 
     6057.080186         0.997631 
     6057.090186         0.992411 
     6057.100186         0.990698 
     6057.110186         0.993629 
     6057.120185         0.997175 
     6057.130185         0.996386 
     6057.140185         0.988916 
     6057.150185         0.985581 
     6057.160185         0.987534 
     6057.170184         0.986325 
     6057.180184         0.981559 
     6057.190184         0.973420 
     6057.200184         0.968197 
     6057.210184         0.967818 
     6057.220183         0.968624 
     6057.230183         0.965636 
     6057.240183         0.954627 
     6057.250183         0.951003 
     6057.260183         0.958540 
     6057.270183         0.961335 
     6057.280182         0.961334 
     6057.290182         0.965736 
     6057.300182         0.970564 
     6057.310182         0.973793 
     6057.320182         0.979530 
     6057.330181         0.987336 
     6057.340181         0.991600 
     6057.350181         0.992484 
     6057.360181         0.990809 
     6057.370181         0.991531 
     6057.380180         0.994041 
     6057.390180         0.993039 
     6057.400180         0.992113 
     6057.410180         0.994918 
     6057.420180         0.995109 
     6057.430179         0.993208 
     6057.440179         0.994026 
     6057.450179         0.997138 
     6057.460179         1.000228 
     6057.470179         1.001184 
     6057.480178         0.998963 
     6057.490178         0.997182 
     6057.500178         0.995587 
     6057.510178         0.993466 
     6057.520178         0.994402 
     6057.530177         0.998034 
     6057.540177         0.998687 
     6057.550177         0.998655 
     6057.560177         1.001121 
     6057.570177         1.000013 
     6057.580176         0.993667 
     6057.590176         0.992982 
     6057.600176         0.996863 
     6057.610176         0.998788 
     6057.620176         0.998665 
     6057.630175         0.996667 
     6057.640175         0.995035 
     6057.650175         0.994444 
     6057.660175         0.995105 
     6057.670175         0.996358 
     6057.680174         0.998336 
     6057.690174         0.999052 
     6057.700174         0.998645 
     6057.710174         0.998993 
     6057.720174         1.000686 
     6057.730173         1.002680 
     6057.740173         1.001936 
     6057.750173         0.999196 
     6057.760173         1.001966 
     6057.770173         1.005079 
     6057.780172         1.000545 
     6057.790172         0.996348 
     6057.800172         0.996423 
     6057.810172         0.998212 
     6057.820172         0.999864 
     6057.830171         0.999057 
     6057.840171         0.997756 
     6057.850171         0.997681 
     6057.860171         1.002155 
     6057.870171         1.005029 
     6057.880170         0.997374 
     6057.890170         0.991139 
     6057.900170         0.994073 
     6057.910170         0.997650 
     6057.920170         0.999648 
     6057.930169         1.001016 
     6057.940169         1.001075 
     6057.950169         0.999580 
     6057.960169         1.000739 
     6057.970169         1.004045 
     6057.980168         1.005127 
     6057.990168         1.003731 
     6058.000168         1.000744 
     6058.010168         0.998348 
     6058.020168         0.998374 
     6058.030167         0.999491 
     6058.040167         0.998704 
     6058.050167         0.992875 
     6058.060167         0.990374 
     6058.070167         0.992242 
     6058.080166         0.990009 
     6058.090166         0.987711 
     6058.100166         0.990051 
     6058.110166         0.985690 
     6058.120166         0.975568 
     6058.130165         0.978558 
     6058.140165         0.986495 
     6058.150165         0.985440 
     6058.160165         0.982268 
     6058.170165         0.981413 
     6058.180165         0.980092 
     6058.190164         0.979988 
     6058.200164         0.984511 
     6058.210164         0.987460 
     6058.220164         0.986993 
     6058.230164         0.991022 
     6058.240163         0.996476 
     6058.250163         0.998164 
     6058.260163         0.996912 
     6058.270163         0.995797 
     6058.280163         0.997572 
     6058.290162         1.001670 
     6058.300162         1.004246 
     6058.310162         1.004386 
     6058.320162         1.002287 
     6058.330162         1.001936 
     6058.340161         1.002736 
     6058.350161         1.001573 
     6058.360161         1.000262 
     6058.370161         1.001496 
     6058.380161         1.001988 
     6058.390160         1.001714 
     6058.400160         1.003776 
     6058.410160         1.005922 
     6058.420160         1.006850 
     6058.430160         1.003765 
     6058.440159         0.999972 
     6058.450159         1.002627 
     6058.460159         1.005957 
     6058.470159         1.002907 
     6058.480159         0.998811 
     6058.490158         0.996478 
     6058.500158         0.996746 
     6058.510158         0.999196 
     6058.520158         1.002885 
     6058.530158         1.004149 
     6058.540157         1.002184 
     6058.550157         1.001949 
     6058.560157         1.001160 
     6058.570157         0.996077 
     6058.580157         0.994274 
     6058.590156         0.997139 
     6058.600156         0.998310 
     6058.610156         0.997965 
     6058.620156         0.998069 
     6058.630156         0.997822 
     6058.640155         0.996319 
     6058.650155         0.996527 
     6058.660155         0.997666 
     6058.670155         0.998504 
     6058.680155         1.000438 
     6058.690154         1.004324 
     6058.700154         1.003884 
     6058.710154         1.001439 
     6058.720154         1.001859 
     6058.730154         1.003632 
     6058.740153         1.005407 
     6058.750153         1.003920 
     6058.760153         1.000530 
     6058.770153         0.999350 
     6058.780153         0.999053 
     6058.790152         0.997880 
     6058.800152         0.997785 
     6058.810152         0.999949 
     6058.820152         1.005138 
     6058.830152         1.006471 
     6058.840151         0.999084 
     6058.850151         0.994946 
     6058.860151         0.995789 
     6058.870151         0.997094 
     6058.880151         1.000188 
     6058.890150         1.004765 
     6058.900150         1.002837 
     6058.910150         0.996357 
     6058.920150         0.997286 
     6058.930150         1.000172 
     6058.940149         0.999693 
     6058.950149         0.999347 
     6058.960149         1.000240 
     6058.970149         0.999584 
     6058.980149         0.999530 
     6058.990148         1.002441 
     6059.000148         1.001789 
