     5140.728312         0.989269 
     5140.738312         0.982518 
     5140.748312         0.974795 
     5140.758312         0.959937 
     5140.768312         0.939295 
     5140.778311         0.916356 
     5140.788311         0.895468 
     5140.798311         0.874770 
     5140.808311         0.857101 
     5140.818311         0.849262 
     5140.828310         0.851193 
     5140.838310         0.862663 
     5140.848310         0.881435 
     5140.858310         0.901678 
     5140.868310         0.922426 
     5140.878309         0.941828 
     5140.888309         0.955839 
     5140.898309         0.966816 
     5140.908309         0.976845 
     5140.918309         0.987343 
     5140.928308         0.993568 
     5140.938308         0.996075 
     5140.948308         0.998938 
     5140.958308         1.000396 
     5140.968308         1.000293 
     5140.978307         0.998900 
     5140.988307         0.998605 
     5140.998307         0.995988 
     5141.008307         0.993417 
     5141.018307         0.999704 
     5141.028306         0.998949 
     5141.038306         0.995236 
     5141.048306         1.002468 
     5141.058306         0.999711 
     5141.068306         0.994964 
     5141.078305         1.000038 
     5141.088305         0.996220 
     5141.098305         0.991338 
     5141.108305         0.989925 
     5141.118305         0.984385 
     5141.128305         0.979029 
     5141.138304         0.973812 
     5141.148304         0.961802 
     5141.158304         0.938035 
     5141.168304         0.915088 
     5141.178304         0.906188 
     5141.188303         0.895792 
     5141.198303         0.888012 
     5141.208303         0.887498 
     5141.218303         0.888496 
     5141.228303         0.894397 
     5141.238302         0.904437 
     5141.248302         0.913861 
     5141.258302         0.921610 
     5141.268302         0.925836 
     5141.278302         0.928236 
     5141.288301         0.939564 
     5141.298301         0.944031 
     5141.308301         0.935519 
     5141.318301         0.940792 
     5141.328301         0.949998 
     5141.338300         0.956383 
     5141.348300         0.963453 
     5141.358300         0.976971 
     5141.368300         0.990840 
     5141.378300         0.994246 
     5141.388299         0.992774 
     5141.398299         0.993083 
     5141.408299         0.998275 
     5141.418299         1.000274 
     5141.428299         1.004359 
     5141.438298         1.009050 
     5141.448298         1.006971 
     5141.458298         1.006464 
     5141.468298         1.007904 
     5141.478298         1.005921 
     5141.488297         1.002348 
     5141.498297         1.000111 
     5141.508297         1.001131 
     5141.518297         1.002366 
     5141.528297         1.000766 
     5141.538296         0.994682 
     5141.548296         0.985332 
     5141.558296         0.979727 
     5141.568296         0.978369 
     5141.578296         0.976651 
     5141.588295         0.969729 
     5141.598295         0.958325 
     5141.608295         0.943672 
     5141.618295         0.924037 
     5141.628295         0.902428 
     5141.638294         0.879607 
     5141.648294         0.850757 
     5141.658294         0.812253 
     5141.668294         0.762986 
     5141.678294         0.704643 
     5141.688293         0.642552 
     5141.698293         0.575274 
     5141.708293         0.504006 
     5141.718293         0.440147 
     5141.728293         0.388951 
     5141.738292         0.356947 
     5141.748292         0.353186 
     5141.758292         0.371950 
     5141.768292         0.410702 
     5141.778292         0.469422 
     5141.788291         0.542225 
     5141.798291         0.617196 
     5141.808291         0.685449 
     5141.818291         0.751463 
     5141.828291         0.812324 
     5141.838290         0.860222 
     5141.848290         0.886493 
     5141.858290         0.902481 
     5141.868290         0.918014 
     5141.878290         0.936669 
     5141.888289         0.947743 
     5141.898289         0.950755 
     5141.908289         0.952336 
     5141.918289         0.963506 
     5141.928289         0.972525 
     5141.938288         0.975547 
     5141.948288         0.984911 
     5141.958288         0.992594 
     5141.968288         0.997022 
     5141.978288         1.001504 
     5141.988287         1.000183 
     5141.998287         0.999631 
     5142.008287         1.003499 
     5142.018287         1.001135 
     5142.028287         0.997773 
     5142.038287         0.996470 
     5142.048286         0.995010 
     5142.058286         0.991689 
     5142.068286         0.985430 
     5142.078286         0.976500 
     5142.088286         0.972520 
     5142.098285         0.970606 
     5142.108285         0.969040 
     5142.118285         0.975076 
     5142.128285         0.975309 
     5142.138285         0.969503 
     5142.148284         0.971886 
     5142.158284         0.980192 
     5142.168284         0.987309 
     5142.178284         0.987575 
     5142.188284         0.982694 
     5142.198283         0.982936 
     5142.208283         0.987854 
     5142.218283         0.974254 
     5142.228283         0.965600 
     5142.238283         0.965468 
     5142.248282         0.955387 
     5142.258282         0.945345 
     5142.268282         0.938758 
     5142.278282         0.933408 
     5142.288282         0.929286 
     5142.298281         0.933374 
     5142.308281         0.941401 
     5142.318281         0.931574 
     5142.328281         0.932649 
     5142.338281         0.942547 
     5142.348280         0.934978 
     5142.358280         0.931682 
     5142.368280         0.924764 
     5142.378280         0.904078 
     5142.388280         0.892449 
     5142.398279         0.877438 
     5142.408279         0.847422 
     5142.418279         0.805438 
     5142.428279         0.758545 
     5142.438279         0.709036 
     5142.448278         0.654118 
     5142.458278         0.588503 
     5142.468278         0.525396 
     5142.478278         0.475077 
     5142.488278         0.424696 
     5142.498277         0.381887 
     5142.508277         0.350601 
     5142.518277         0.328212 
     5142.528277         0.313812 
     5142.538277         0.310793 
     5142.548276         0.324549 
     5142.558276         0.354580 
     5142.568276         0.396563 
     5142.578276         0.449553 
     5142.588276         0.516904 
     5142.598275         0.586878 
     5142.608275         0.650387 
     5142.618275         0.705074 
     5142.628275         0.752468 
     5142.638275         0.790677 
     5142.648274         0.817086 
     5142.658274         0.832841 
     5142.668274         0.832218 
     5142.678274         0.818042 
     5142.688274         0.806529 
     5142.698273         0.780746 
     5142.708273         0.738238 
     5142.718273         0.689645 
     5142.728273         0.634186 
     5142.738273         0.577962 
     5142.748272         0.525039 
     5142.758272         0.470752 
     5142.768272         0.428001 
     5142.778272         0.405310 
     5142.788272         0.401958 
     5142.798271         0.417184 
     5142.808271         0.444423 
     5142.818271         0.475370 
     5142.828271         0.505654 
     5142.838271         0.527574 
     5142.848270         0.535354 
     5142.858270         0.529896 
     5142.868270         0.503820 
     5142.878270         0.461278 
     5142.888270         0.416243 
     5142.898269         0.365610 
     5142.908269         0.317524 
     5142.918269         0.283047 
     5142.928269         0.261747 
     5142.938269         0.258575 
     5142.948269         0.276974 
     5142.958268         0.316483 
     5142.968268         0.375179 
     5142.978268         0.451245 
     5142.988268         0.540094 
     5142.998268         0.624353 
     5143.008267         0.706444 
     5143.018267         0.783204 
     5143.028267         0.830708 
     5143.038267         0.871779 
     5143.048267         0.912165 
     5143.058266         0.935350 
     5143.068266         0.949199 
     5143.078266         0.958779 
     5143.088266         0.966398 
     5143.098266         0.974554 
     5143.108265         0.979260 
     5143.118265         0.980045 
     5143.128265         0.983434 
     5143.138265         0.991187 
     5143.148265         0.994635 
     5143.158264         0.986039 
     5143.168264         0.989499 
     5143.178264         0.996144 
     5143.188264         0.995159 
     5143.198264         0.997793 
     5143.208263         0.999908 
     5143.218263         0.996578 
     5143.228263         0.990016 
     5143.238263         0.995806 
     5143.248263         1.002150 
     5143.258262         0.992293 
     5143.268262         0.980675 
     5143.278262         0.974676 
     5143.288262         0.972943 
     5143.298262         0.966332 
     5143.308261         0.961395 
     5143.318261         0.959287 
     5143.328261         0.957887 
     5143.338261         0.959132 
     5143.348261         0.958672 
     5143.358260         0.957887 
     5143.368260         0.971190 
     5143.378260         0.979036 
     5143.388260         0.978909 
     5143.398260         0.988215 
     5143.408259         0.988079 
     5143.418259         0.989689 
     5143.428259         1.004981 
     5143.438259         1.001123 
     5143.448259         0.998908 
     5143.458258         1.008785 
     5143.468258         1.009752 
     5143.478258         1.003783 
     5143.488258         0.998622 
     5143.498258         1.000507 
     5143.508257         0.999691 
     5143.518257         0.992944 
     5143.528257         0.983724 
     5143.538257         0.982272 
     5143.548257         0.976165 
     5143.558256         0.962608 
     5143.568256         0.951118 
     5143.578256         0.951801 
     5143.588256         0.953233 
     5143.598256         0.946337 
     5143.608255         0.946699 
     5143.618255         0.947572 
     5143.628255         0.947362 
     5143.638255         0.953858 
     5143.648255         0.945118 
     5143.658254         0.924183 
     5143.668254         0.905715 
     5143.678254         0.887624 
     5143.688254         0.858408 
     5143.698254         0.821426 
     5143.708253         0.802188 
     5143.718253         0.787806 
     5143.728253         0.778446 
     5143.738253         0.787154 
     5143.748253         0.813204 
     5143.758252         0.844729 
     5143.768252         0.872518 
     5143.778252         0.897213 
     5143.788252         0.921185 
     5143.798252         0.939488 
     5143.808251         0.944450 
     5143.818251         0.956500 
     5143.828251         0.965077 
     5143.838251         0.956836 
     5143.848251         0.954369 
     5143.858251         0.958453 
     5143.868250         0.960618 
     5143.878250         0.954179 
     5143.888250         0.950343 
     5143.898250         0.952431 
     5143.908250         0.958292 
     5143.918249         0.965542 
     5143.928249         0.971905 
     5143.938249         0.976539 
     5143.948249         0.983729 
     5143.958249         0.988569 
     5143.968248         0.988829 
     5143.978248         0.985809 
     5143.988248         0.983599 
     5143.998248         0.983410 
     5144.008248         0.983927 
     5144.018247         0.982998 
     5144.028247         0.983080 
     5144.038247         0.983345 
     5144.048247         0.979903 
     5144.058247         0.979968 
     5144.068246         0.984540 
     5144.078246         0.989766 
     5144.088246         0.987584 
     5144.098246         0.989882 
     5144.108246         0.996858 
     5144.118245         0.995060 
     5144.128245         0.996703 
     5144.138245         0.999363 
     5144.148245         0.997353 
     5144.158245         1.006045 
     5144.168244         1.010721 
     5144.178244         1.004260 
     5144.188244         1.001374 
     5144.198244         0.998659 
     5144.208244         0.997615 
     5144.218243         1.001103 
     5144.228243         1.000473 
     5144.238243         1.003085 
     5144.248243         1.009164 
     5144.258243         1.001540 
     5144.268242         0.997482 
     5144.278242         0.998838 
     5144.288242         0.994899 
     5144.298242         0.995431 
     5144.308242         0.994887 
     5144.318241         0.988618 
     5144.328241         0.985137 
     5144.338241         0.987083 
     5144.348241         0.984813 
     5144.358241         0.967858 
     5144.368240         0.965312 
     5144.378240         0.970617 
     5144.388240         0.968602 
     5144.398240         0.965679 
     5144.408240         0.962687 
     5144.418239         0.963932 
     5144.428239         0.975146 
     5144.438239         0.981180 
     5144.448239         0.981470 
     5144.458239         0.981866 
     5144.468238         0.985567 
     5144.478238         0.984056 
     5144.488238         0.974589 
     5144.498238         0.965228 
     5144.508238         0.959125 
     5144.518237         0.951648 
     5144.528237         0.937676 
     5144.538237         0.921322 
     5144.548237         0.901983 
     5144.558237         0.884045 
     5144.568236         0.880772 
     5144.578236         0.879765 
     5144.588236         0.875184 
     5144.598236         0.868540 
     5144.608236         0.859761 
     5144.618235         0.857953 
     5144.628235         0.859226 
     5144.638235         0.837778 
     5144.648235         0.821523 
     5144.658235         0.815195 
     5144.668234         0.806382 
     5144.678234         0.807441 
     5144.688234         0.819692 
     5144.698234         0.838813 
     5144.708234         0.858375 
     5144.718233         0.883602 
     5144.728233         0.912524 
     5144.738233         0.936802 
     5144.748233         0.955046 
     5144.758233         0.968191 
     5144.768233         0.978489 
     5144.778232         0.988463 
     5144.788232         0.995344 
     5144.798232         0.997826 
     5144.808232         0.998116 
     5144.818232         1.002450 
     5144.828231         1.003588 
     5144.838231         0.997293 
     5144.848231         0.999483 
     5144.858231         0.998754 
     5144.868231         0.989614 
     5144.878230         0.978418 
     5144.888230         0.974888 
     5144.898230         0.973917 
     5144.908230         0.969510 
     5144.918230         0.963401 
     5144.928229         0.967724 
     5144.938229         0.975484 
     5144.948229         0.965764 
     5144.958229         0.965213 
     5144.968229         0.969994 
     5144.978228         0.968859 
     5144.988228         0.968628 
     5144.998228         0.955263 
     5145.008228         0.928430 
     5145.018228         0.902967 
     5145.028227         0.869844 
     5145.038227         0.820417 
     5145.048227         0.755839 
     5145.058227         0.694133 
     5145.068227         0.633805 
     5145.078226         0.579682 
     5145.088226         0.546489 
     5145.098226         0.530015 
     5145.108226         0.535163 
     5145.118226         0.568192 
     5145.128225         0.622726 
     5145.138225         0.682506 
     5145.148225         0.739624 
     5145.158225         0.797116 
     5145.168225         0.842631 
     5145.178224         0.876064 
     5145.188224         0.900833 
     5145.198224         0.911904 
     5145.208224         0.921069 
     5145.218224         0.932492 
     5145.228223         0.939059 
     5145.238223         0.948252 
     5145.248223         0.958230 
     5145.258223         0.964823 
     5145.268223         0.974013 
     5145.278222         0.981560 
     5145.288222         0.985360 
     5145.298222         0.987142 
     5145.308222         0.989065 
     5145.318222         0.989907 
     5145.328221         0.988616 
     5145.338221         0.989685 
     5145.348221         0.988416 
     5145.358221         0.982271 
     5145.368221         0.973525 
     5145.378220         0.954871 
     5145.388220         0.930101 
     5145.398220         0.903369 
     5145.408220         0.864996 
     5145.418220         0.820525 
     5145.428219         0.774755 
     5145.438219         0.730194 
     5145.448219         0.697098 
     5145.458219         0.678002 
     5145.468219         0.671956 
     5145.478218         0.681965 
     5145.488218         0.710379 
     5145.498218         0.752409 
     5145.508218         0.794314 
     5145.518218         0.835408 
     5145.528217         0.875802 
     5145.538217         0.911764 
     5145.548217         0.931733 
     5145.558217         0.950103 
     5145.568217         0.969559 
     5145.578216         0.976835 
     5145.588216         0.981762 
     5145.598216         0.988947 
     5145.608216         0.996438 
     5145.618216         0.995421 
     5145.628215         0.994191 
     5145.638215         0.996572 
     5145.648215         0.996901 
     5145.658215         0.994678 
     5145.668215         0.988833 
     5145.678215         0.980218 
     5145.688214         0.973937 
     5145.698214         0.968064 
     5145.708214         0.963913 
     5145.718214         0.963703 
     5145.728214         0.962533 
     5145.738213         0.962994 
     5145.748213         0.966851 
     5145.758213         0.963851 
     5145.768213         0.966859 
     5145.778213         0.976136 
     5145.788212         0.979865 
     5145.798212         0.978773 
     5145.808212         0.982260 
     5145.818212         0.992755 
     5145.828212         0.994694 
     5145.838211         0.996341 
     5145.848211         1.000378 
     5145.858211         1.002234 
     5145.868211         0.996525 
     5145.878211         0.993554 
     5145.888210         0.998628 
     5145.898210         1.003437 
     5145.908210         1.006562 
     5145.918210         1.006634 
     5145.928210         1.003304 
     5145.938209         1.005099 
     5145.948209         1.007677 
     5145.958209         1.005843 
     5145.968209         1.003947 
     5145.978209         0.999271 
     5145.988208         0.989782 
     5145.998208         0.977599 
     5146.008208         0.970097 
     5146.018208         0.959975 
     5146.028208         0.941185 
     5146.038207         0.918548 
     5146.048207         0.893764 
     5146.058207         0.865845 
     5146.068207         0.834945 
     5146.078207         0.806431 
     5146.088206         0.780022 
     5146.098206         0.755638 
     5146.108206         0.739592 
     5146.118206         0.734104 
     5146.128206         0.739306 
     5146.138205         0.753001 
     5146.148205         0.771782 
     5146.158205         0.794001 
     5146.168205         0.814882 
     5146.178205         0.829538 
     5146.188204         0.845100 
     5146.198204         0.860251 
     5146.208204         0.869761 
     5146.218204         0.873103 
     5146.228204         0.879967 
     5146.238203         0.888043 
     5146.248203         0.883902 
     5146.258203         0.871961 
     5146.268203         0.860660 
     5146.278203         0.853028 
     5146.288202         0.839509 
     5146.298202         0.831131 
     5146.308202         0.829856 
     5146.318202         0.829638 
     5146.328202         0.839614 
     5146.338201         0.852522 
     5146.348201         0.860926 
     5146.358201         0.866506 
     5146.368201         0.872780 
     5146.378201         0.871004 
     5146.388200         0.852021 
     5146.398200         0.826891 
     5146.408200         0.783468 
     5146.418200         0.722220 
     5146.428200         0.665576 
     5146.438199         0.602603 
     5146.448199         0.537496 
     5146.458199         0.480977 
     5146.468199         0.428872 
     5146.478199         0.395474 
     5146.488198         0.385780 
     5146.498198         0.392883 
     5146.508198         0.420987 
     5146.518198         0.470044 
     5146.528198         0.534993 
     5146.538197         0.604630 
     5146.548197         0.670896 
     5146.558197         0.732041 
     5146.568197         0.789996 
     5146.578197         0.834883 
     5146.588197         0.871553 
     5146.598196         0.904016 
     5146.608196         0.923876 
     5146.618196         0.939447 
     5146.628196         0.954189 
     5146.638196         0.963771 
     5146.648195         0.960531 
     5146.658195         0.959262 
     5146.668195         0.964210 
     5146.678195         0.957066 
     5146.688195         0.951730 
     5146.698194         0.947306 
     5146.708194         0.934857 
     5146.718194         0.922436 
     5146.728194         0.914797 
