     6075.489822         1.002365 
     6075.499822         1.003767 
     6075.509822         1.002324 
     6075.519822         1.003295 
     6075.529821         1.000086 
     6075.539821         0.992996 
     6075.549821         0.992236 
     6075.559821         0.997325 
     6075.569821         1.002427 
     6075.579820         1.002933 
     6075.589820         1.002240 
     6075.599820         1.003727 
     6075.609820         1.000479 
     6075.619820         0.997283 
     6075.629819         1.000352 
     6075.639819         1.000399 
     6075.649819         0.998560 
     6075.659819         1.000266 
     6075.669819         0.999584 
     6075.679818         0.999279 
     6075.689818         1.006033 
     6075.699818         1.007867 
     6075.709818         1.002516 
     6075.719818         1.002441 
     6075.729817         1.002767 
     6075.739817         1.000333 
     6075.749817         1.000014 
     6075.759817         1.002309 
     6075.769817         1.005403 
     6075.779816         1.001464 
     6075.789816         1.000864 
     6075.799816         1.009197 
     6075.809816         1.009990 
     6075.819816         1.003713 
     6075.829815         0.997393 
     6075.839815         0.998256 
     6075.849815         1.001622 
     6075.859815         0.997896 
     6075.869815         0.996243 
     6075.879814         0.997805 
     6075.889814         0.999258 
     6075.899814         0.994975 
     6075.909814         0.990060 
     6075.919814         0.995938 
     6075.929813         0.999579 
     6075.939813         0.996086 
     6075.949813         0.991497 
     6075.959813         0.992792 
     6075.969813         0.999234 
     6075.979812         0.995356 
     6075.989812         0.990004 
     6075.999812         0.990136 
     6076.009812         0.991122 
     6076.019812         0.993319 
     6076.029811         0.997662 
     6076.039811         0.996475 
     6076.049811         0.992512 
     6076.059811         0.991661 
     6076.069811         0.991466 
     6076.079810         0.989192 
     6076.089810         0.984426 
     6076.099810         0.984684 
     6076.109810         0.989759 
     6076.119810         0.993305 
     6076.129809         0.990250 
     6076.139809         0.983847 
     6076.149809         0.986297 
     6076.159809         0.993086 
     6076.169809         0.997579 
     6076.179808         0.992197 
     6076.189808         0.989887 
     6076.199808         0.994766 
     6076.209808         0.997951 
     6076.219808         0.997744 
     6076.229807         0.995749 
     6076.239807         0.995222 
     6076.249807         0.996521 
     6076.259807         0.998473 
     6076.269807         0.997125 
     6076.279806         0.996450 
     6076.289806         0.999795 
     6076.299806         0.996861 
     6076.309806         0.993353 
     6076.319806         0.998391 
     6076.329805         0.997026 
     6076.339805         0.993178 
     6076.349805         0.998340 
     6076.359805         1.003676 
     6076.369805         1.003669 
     6076.379805         0.997248 
     6076.389804         0.996805 
     6076.399804         1.003260 
     6076.409804         0.999949 
     6076.419804         0.996373 
     6076.429804         0.998794 
     6076.439803         1.002768 
     6076.449803         1.003194 
     6076.459803         0.999851 
     6076.469803         1.000095 
     6076.479803         1.001380 
     6076.489802         1.000819 
     6076.499802         1.004065 
     6076.509802         1.003967 
     6076.519802         0.994818 
     6076.529802         0.991638 
     6076.539801         0.994043 
     6076.549801         0.997755 
     6076.559801         0.996349 
     6076.569801         0.993977 
     6076.579801         0.996777 
     6076.589800         0.995693 
     6076.599800         0.991368 
     6076.609800         0.990024 
     6076.619800         0.989473 
     6076.629800         0.988098 
     6076.639799         0.985171 
     6076.649799         0.983947 
     6076.659799         0.984103 
     6076.669799         0.987195 
     6076.679799         0.992446 
     6076.689798         0.997816 
     6076.699798         0.994968 
     6076.709798         0.992522 
     6076.719798         0.993741 
     6076.729798         0.993143 
     6076.739797         0.990896 
     6076.749797         0.989289 
     6076.759797         0.986921 
     6076.769797         0.983867 
     6076.779797         0.980491 
     6076.789796         0.973567 
     6076.799796         0.964954 
     6076.809796         0.958171 
     6076.819796         0.957799 
     6076.829796         0.957396 
     6076.839795         0.949556 
     6076.849795         0.946719 
     6076.859795         0.946032 
     6076.869795         0.937621 
     6076.879795         0.932825 
     6076.889794         0.931647 
     6076.899794         0.928466 
     6076.909794         0.931508 
     6076.919794         0.939418 
     6076.929794         0.943101 
     6076.939793         0.948131 
     6076.949793         0.953421 
     6076.959793         0.950653 
     6076.969793         0.950754 
     6076.979793         0.959475 
     6076.989792         0.965464 
     6076.999792         0.967984 
     6077.009792         0.971649 
     6077.019792         0.983319 
     6077.029792         0.989807 
     6077.039791         0.986226 
     6077.049791         0.989456 
     6077.059791         0.993067 
     6077.069791         0.991627 
     6077.079791         0.994493 
     6077.089790         0.995553 
     6077.099790         0.988917 
     6077.109790         0.991383 
     6077.119790         0.997944 
     6077.129790         0.997062 
     6077.139789         0.999375 
     6077.149789         1.001437 
     6077.159789         0.996124 
     6077.169789         0.995467 
     6077.179789         0.999959 
     6077.189788         1.002571 
     6077.199788         0.999645 
     6077.209788         0.996157 
     6077.219788         1.000109 
     6077.229788         0.999366 
     6077.239787         0.992812 
     6077.249787         0.992001 
     6077.259787         0.995241 
     6077.269787         0.997987 
     6077.279787         0.992939 
     6077.289787         0.992457 
     6077.299786         0.998799 
     6077.309786         0.998342 
     6077.319786         0.997695 
     6077.329786         0.999369 
     6077.339786         0.998489 
     6077.349785         0.992895 
     6077.359785         0.986819 
     6077.369785         0.996698 
     6077.379785         1.004768 
     6077.389785         0.999664 
     6077.399784         1.000093 
     6077.409784         1.003727 
     6077.419784         1.002334 
     6077.429784         0.996424 
     6077.439784         0.993255 
     6077.449783         1.000110 
     6077.459783         1.005664 
     6077.469783         1.006605 
     6077.479783         1.003061 
     6077.489783         0.997155 
     6077.499782         0.993982 
     6077.509782         0.998986 
     6077.519782         1.002864 
     6077.529782         1.003890 
     6077.539782         1.005127 
     6077.549781         1.001908 
     6077.559781         0.995967 
     6077.569781         0.995404 
     6077.579781         0.997871 
     6077.589781         1.001740 
     6077.599780         1.004391 
     6077.609780         1.003291 
     6077.619780         0.999899 
     6077.629780         0.999569 
     6077.639780         1.001170 
     6077.649779         1.004168 
     6077.659779         1.002460 
     6077.669779         1.000887 
     6077.679779         1.001959 
     6077.689779         0.998814 
     6077.699778         0.997899 
     6077.709778         0.999690 
     6077.719778         0.994837 
     6077.729778         0.994348 
     6077.739778         1.002250 
     6077.749777         0.996657 
     6077.759777         0.987783 
     6077.769777         0.988648 
     6077.779777         0.989791 
     6077.789777         0.990376 
     6077.799776         0.990566 
     6077.809776         0.988688 
     6077.819776         0.984180 
     6077.829776         0.979117 
     6077.839776         0.983515 
     6077.849775         0.991018 
     6077.859775         0.992254 
     6077.869775         0.995488 
     6077.879775         0.999137 
     6077.889775         0.999755 
     6077.899774         0.999389 
     6077.909774         0.997352 
     6077.919774         0.993756 
     6077.929774         0.993684 
     6077.939774         0.998450 
     6077.949773         1.003913 
     6077.959773         1.001759 
     6077.969773         0.995387 
     6077.979773         0.994784 
     6077.989773         0.994231 
     6077.999772         0.993816 
     6078.009772         0.998755 
     6078.019772         0.998866 
     6078.029772         0.994984 
     6078.039772         1.000365 
     6078.049771         1.002700 
     6078.059771         0.999825 
     6078.069771         1.000497 
     6078.079771         1.002185 
     6078.089771         1.003335 
     6078.099770         1.000630 
     6078.109770         1.000028 
     6078.119770         1.002434 
     6078.129770         1.000877 
     6078.139770         0.999410 
     6078.149769         0.999573 
     6078.159769         0.994459 
     6078.169769         0.991460 
     6078.179769         0.994993 
     6078.189769         1.000261 
     6078.199769         0.997895 
     6078.209768         0.987989 
     6078.219768         0.989617 
     6078.229768         0.993580 
     6078.239768         0.989250 
     6078.249768         0.989487 
     6078.259767         0.991263 
     6078.269767         0.988989 
     6078.279767         0.984798 
     6078.289767         0.980323 
     6078.299767         0.976612 
     6078.309766         0.973688 
     6078.319766         0.967539 
     6078.329766         0.957234 
     6078.339766         0.951118 
     6078.349766         0.940371 
     6078.359765         0.918177 
     6078.369765         0.906089 
     6078.379765         0.898073 
     6078.389765         0.876952 
     6078.399765         0.845981 
     6078.409764         0.810601 
     6078.419764         0.775462 
     6078.429764         0.736501 
     6078.439764         0.695338 
     6078.449764         0.654023 
     6078.459763         0.608659 
     6078.469763         0.564990 
     6078.479763         0.533472 
     6078.489763         0.516494 
     6078.499763         0.512641 
     6078.509762         0.519624 
     6078.519762         0.540259 
     6078.529762         0.575403 
     6078.539762         0.620769 
     6078.549762         0.669662 
     6078.559761         0.717422 
     6078.569761         0.762109 
     6078.579761         0.801929 
     6078.589761         0.838685 
     6078.599761         0.872672 
     6078.609760         0.899440 
     6078.619760         0.920408 
     6078.629760         0.938588 
     6078.639760         0.952432 
     6078.649760         0.962140 
     6078.659759         0.969463 
     6078.669759         0.974192 
     6078.679759         0.977217 
     6078.689759         0.984610 
     6078.699759         0.987926 
     6078.709758         0.985430 
     6078.719758         0.986211 
     6078.729758         0.987097 
     6078.739758         0.986124 
     6078.749758         0.992165 
     6078.759757         0.997302 
     6078.769757         0.995120 
     6078.779757         0.992877 
     6078.789757         0.990938 
     6078.799757         0.990162 
     6078.809756         0.991024 
     6078.819756         0.993436 
     6078.829756         0.994697 
     6078.839756         0.990691 
     6078.849756         0.987657 
     6078.859755         0.989502 
     6078.869755         0.984061 
     6078.879755         0.975962 
     6078.889755         0.971096 
     6078.899755         0.965128 
     6078.909754         0.951909 
     6078.919754         0.928507 
     6078.929754         0.895761 
     6078.939754         0.866955 
     6078.949754         0.845109 
     6078.959753         0.805363 
     6078.969753         0.763302 
     6078.979753         0.736817 
     6078.989753         0.703855 
     6078.999753         0.676095 
     6079.009752         0.669480 
     6079.019752         0.672556 
     6079.029752         0.683359 
     6079.039752         0.702632 
     6079.049752         0.735454 
     6079.059751         0.775504 
     6079.069751         0.814157 
     6079.079751         0.850028 
     6079.089751         0.881494 
     6079.099751         0.906465 
     6079.109751         0.932106 
     6079.119750         0.951921 
     6079.129750         0.958584 
     6079.139750         0.966909 
     6079.149750         0.980854 
     6079.159750         0.997369 
     6079.169749         0.996731 
     6079.179749         0.989866 
     6079.189749         0.997089 
     6079.199749         0.998354 
     6079.209749         0.992630 
     6079.219748         0.990777 
     6079.229748         1.001264 
     6079.239748         1.011757 
     6079.249748         1.004600 
     6079.259748         0.998023 
     6079.269747         1.000630 
     6079.279747         1.009032 
     6079.289747         1.004378 
     6079.299747         0.995939 
     6079.309747         1.002872 
     6079.319746         1.000707 
     6079.329746         0.992946 
     6079.339746         0.997560 
     6079.349746         1.005547 
     6079.359746         1.008182 
     6079.369745         1.002071 
     6079.379745         1.000886 
     6079.389745         1.006776 
     6079.399745         1.011186 
     6079.409745         1.004752 
     6079.419744         0.995746 
     6079.429744         1.000518 
     6079.439744         1.000145 
     6079.449744         0.996933 
     6079.459744         1.005768 
     6079.469743         1.006765 
     6079.479743         0.999708 
     6079.489743         0.997656 
     6079.499743         0.997671 
     6079.509743         0.999619 
     6079.519742         1.005222 
     6079.529742         1.004661 
     6079.539742         0.997640 
     6079.549742         0.992979 
     6079.559742         0.995149 
     6079.569741         1.001038 
     6079.579741         1.003131 
     6079.589741         1.001726 
     6079.599741         1.000464 
     6079.609741         1.003249 
     6079.619740         1.002504 
     6079.629740         0.998927 
     6079.639740         1.001343 
     6079.649740         0.999403 
     6079.659740         0.995922 
     6079.669739         1.000413 
     6079.679739         1.001308 
     6079.689739         0.997173 
     6079.699739         0.996028 
     6079.709739         0.999193 
     6079.719738         1.003016 
     6079.729738         1.000566 
     6079.739738         0.998910 
     6079.749738         0.999390 
     6079.759738         0.995375 
     6079.769737         0.997209 
     6079.779737         1.001166 
     6079.789737         0.995065 
     6079.799737         0.993840 
     6079.809737         0.998025 
     6079.819736         0.992797 
     6079.829736         0.992512 
     6079.839736         0.996780 
     6079.849736         0.993206 
     6079.859736         0.995060 
     6079.869735         1.001828 
     6079.879735         0.998434 
     6079.889735         0.996933 
     6079.899735         1.000147 
     6079.909735         1.001622 
     6079.919734         0.998687 
     6079.929734         0.993686 
     6079.939734         0.990033 
     6079.949734         0.987921 
     6079.959734         0.987979 
     6079.969733         0.990209 
     6079.979733         0.987081 
     6079.989733         0.980975 
     6079.999733         0.980673 
     6080.009733         0.987091 
     6080.019733         0.992678 
     6080.029732         0.987765 
     6080.039732         0.985899 
     6080.049732         0.990051 
     6080.059732         0.990768 
     6080.069732         0.993124 
     6080.079731         0.997845 
     6080.089731         1.001171 
     6080.099731         0.996356 
     6080.109731         0.990338 
     6080.119731         0.997863 
     6080.129730         1.002924 
     6080.139730         1.000471 
     6080.149730         0.997460 
     6080.159730         0.999963 
     6080.169730         1.001664 
     6080.179729         0.992483 
     6080.189729         0.991609 
     6080.199729         0.999454 
     6080.209729         0.999761 
     6080.219729         1.000334 
     6080.229728         0.998217 
     6080.239728         0.985991 
     6080.249728         0.985610 
     6080.259728         0.995511 
     6080.269728         0.996669 
     6080.279727         0.997462 
     6080.289727         0.998657 
     6080.299727         0.996265 
     6080.309727         0.996080 
     6080.319727         0.999430 
     6080.329726         1.004572 
     6080.339726         0.999038 
     6080.349726         0.993232 
     6080.359726         1.005913 
     6080.369726         1.003374 
     6080.379725         0.994558 
     6080.389725         1.005975 
     6080.399725         1.010714 
     6080.409725         1.005077 
     6080.419725         1.001097 
     6080.429724         1.000978 
     6080.439724         1.001906 
     6080.449724         1.001591 
     6080.459724         1.002614 
     6080.469724         1.005108 
     6080.479723         1.008781 
     6080.489723         1.009847 
     6080.499723         1.008635 
     6080.509723         1.004737 
     6080.519723         0.999406 
     6080.529722         0.997307 
     6080.539722         1.001337 
     6080.549722         0.997188 
     6080.559722         0.992398 
     6080.569722         1.000033 
     6080.579721         0.999253 
     6080.589721         0.994216 
     6080.599721         0.995613 
     6080.609721         0.998876 
     6080.619721         1.000308 
     6080.629720         0.997126 
     6080.639720         0.996949 
     6080.649720         1.000339 
     6080.659720         1.004471 
     6080.669720         1.003399 
     6080.679719         0.999014 
     6080.689719         0.995993 
     6080.699719         0.998381 
     6080.709719         0.998074 
     6080.719719         0.992550 
     6080.729718         0.996246 
     6080.739718         1.003856 
     6080.749718         1.004388 
     6080.759718         1.002193 
     6080.769718         0.999345 
     6080.779717         0.997568 
     6080.789717         0.995684 
     6080.799717         0.994695 
     6080.809717         0.995927 
     6080.819717         0.999672 
     6080.829716         0.999170 
     6080.839716         0.992891 
     6080.849716         0.993924 
     6080.859716         0.995293 
     6080.869716         0.994405 
     6080.879715         0.998225 
     6080.889715         1.000506 
     6080.899715         0.998163 
     6080.909715         0.995216 
     6080.919715         0.993173 
     6080.929715         0.994230 
     6080.939714         1.001286 
     6080.949714         1.002309 
     6080.959714         0.995050 
     6080.969714         0.994392 
     6080.979714         0.997552 
     6080.989713         0.998589 
     6080.999713         0.991957 
     6081.009713         0.993819 
     6081.019713         1.002638 
     6081.029713         0.997652 
     6081.039712         0.991903 
     6081.049712         0.992820 
     6081.059712         0.996350 
     6081.069712         0.997648 
     6081.079712         0.996637 
     6081.089711         0.999770 
     6081.099711         0.999985 
     6081.109711         0.995799 
     6081.119711         0.992961 
     6081.129711         0.995205 
     6081.139710         0.997583 
     6081.149710         0.992896 
     6081.159710         0.991488 
     6081.169710         0.992896 
     6081.179710         0.988345 
     6081.189709         0.987372 
     6081.199709         0.989792 
     6081.209709         0.989447 
     6081.219709         0.988010 
     6081.229709         0.987440 
     6081.239708         0.989665 
     6081.249708         0.992498 
     6081.259708         0.993648 
     6081.269708         0.990292 
     6081.279708         0.992044 
     6081.289707         0.993491 
     6081.299707         0.988250 
     6081.309707         0.988811 
     6081.319707         0.992958 
     6081.329707         0.990554 
     6081.339706         0.983436 
     6081.349706         0.978882 
     6081.359706         0.981016 
     6081.369706         0.973580 
     6081.379706         0.955992 
     6081.389705         0.935919 
     6081.399705         0.926800 
     6081.409705         0.921260 
     6081.419705         0.910252 
     6081.429705         0.896700 
     6081.439704         0.891515 
     6081.449704         0.898593 
     6081.459704         0.897608 
     6081.469704         0.898941 
     6081.479704         0.911060 
     6081.489703         0.918054 
