     5632.828578         0.985012 
     5632.838578         0.992121 
     5632.848578         1.005522 
     5632.858578         1.002393 
     5632.868577         0.999843 
     5632.878577         1.001492 
     5632.888577         1.001929 
     5632.898577         1.000582 
     5632.908577         1.001758 
     5632.918577         1.004294 
     5632.928576         1.003495 
     5632.938576         1.003584 
     5632.948576         1.004515 
     5632.958576         1.004879 
     5632.968576         1.003967 
     5632.978575         0.998183 
     5632.988575         0.994851 
     5632.998575         1.002361 
     5633.008575         1.003075 
     5633.018575         1.001267 
     5633.028574         1.002946 
     5633.038574         0.999842 
     5633.048574         0.996879 
     5633.058574         0.996986 
     5633.068574         0.999120 
     5633.078573         0.998135 
     5633.088573         0.999455 
     5633.098573         1.003091 
     5633.108573         0.996007 
     5633.118573         0.989861 
     5633.128572         0.989802 
     5633.138572         0.991081 
     5633.148572         0.988248 
     5633.158572         0.984530 
     5633.168572         0.982012 
     5633.178571         0.980175 
     5633.188571         0.984530 
     5633.198571         0.987203 
     5633.208571         0.981772 
     5633.218571         0.984802 
     5633.228570         0.985972 
     5633.238570         0.980602 
     5633.248570         0.978055 
     5633.258570         0.983426 
     5633.268570         0.990371 
     5633.278569         0.992779 
     5633.288569         0.995791 
     5633.298569         0.995319 
     5633.308569         0.991898 
     5633.318569         0.994716 
     5633.328568         0.996972 
     5633.338568         0.995372 
     5633.348568         0.994058 
     5633.358568         1.003222 
     5633.368568         1.006315 
     5633.378567         0.999120 
     5633.388567         0.995146 
     5633.398567         0.997000 
     5633.408567         0.995610 
     5633.418567         0.988083 
     5633.428566         0.992408 
     5633.438566         0.991468 
     5633.448566         0.985282 
     5633.458566         0.989828 
     5633.468566         0.992592 
     5633.478565         0.993876 
     5633.488565         0.996255 
     5633.498565         0.996523 
     5633.508565         0.998954 
     5633.518565         1.001732 
     5633.528564         1.000919 
     5633.538564         1.004988 
     5633.548564         1.003011 
     5633.558564         0.994687 
     5633.568564         0.997895 
     5633.578563         1.003952 
     5633.588563         1.005949 
     5633.598563         0.999731 
     5633.608563         0.993566 
     5633.618563         0.993660 
     5633.628562         0.995077 
     5633.638562         0.987379 
     5633.648562         0.989210 
     5633.658562         0.997404 
     5633.668562         0.999058 
     5633.678561         0.991832 
     5633.688561         0.980229 
     5633.698561         0.974094 
     5633.708561         0.982073 
     5633.718561         0.981941 
     5633.728560         0.977610 
     5633.738560         0.976506 
     5633.748560         0.970055 
     5633.758560         0.972270 
     5633.768560         0.975071 
     5633.778559         0.962921 
     5633.788559         0.958869 
     5633.798559         0.957509 
     5633.808559         0.951181 
     5633.818559         0.941526 
     5633.828559         0.928430 
     5633.838558         0.910803 
     5633.848558         0.887411 
     5633.858558         0.859674 
     5633.868558         0.826800 
     5633.878558         0.787990 
     5633.888557         0.746539 
     5633.898557         0.701664 
     5633.908557         0.651796 
     5633.918557         0.601226 
     5633.928557         0.567422 
     5633.938556         0.542167 
     5633.948556         0.527826 
     5633.958556         0.537324 
     5633.968556         0.553722 
     5633.978556         0.584900 
     5633.988555         0.635873 
     5633.998555         0.687734 
     5634.008555         0.737707 
     5634.018555         0.783484 
     5634.028555         0.823345 
     5634.038554         0.866554 
     5634.048554         0.895055 
     5634.058554         0.907399 
     5634.068554         0.936568 
     5634.078554         0.954645 
     5634.088553         0.959568 
     5634.098553         0.965470 
     5634.108553         0.983969 
     5634.118553         0.985824 
     5634.128553         0.972810 
     5634.138552         0.977917 
     5634.148552         0.985371 
     5634.158552         0.990529 
     5634.168552         0.991691 
     5634.178552         0.983120 
     5634.188551         0.981504 
     5634.198551         0.984124 
     5634.208551         0.976807 
     5634.218551         0.976685 
     5634.228551         0.978396 
     5634.238550         0.976507 
     5634.248550         0.977925 
     5634.258550         0.980298 
     5634.268550         0.980572 
     5634.278550         0.980142 
     5634.288549         0.981846 
     5634.298549         0.980071 
     5634.308549         0.977609 
     5634.318549         0.987078 
     5634.328549         0.993909 
     5634.338548         0.991520 
     5634.348548         0.985552 
     5634.358548         0.985797 
     5634.368548         0.992090 
     5634.378548         0.996084 
     5634.388547         0.989553 
     5634.398547         0.986933 
     5634.408547         0.987498 
     5634.418547         0.988255 
     5634.428547         0.992248 
     5634.438546         0.989972 
     5634.448546         0.982293 
     5634.458546         0.975384 
     5634.468546         0.975002 
     5634.478546         0.975921 
     5634.488545         0.973688 
     5634.498545         0.967223 
     5634.508545         0.967980 
     5634.518545         0.970767 
     5634.528545         0.969775 
     5634.538544         0.969014 
     5634.548544         0.970762 
     5634.558544         0.970722 
     5634.568544         0.967677 
     5634.578544         0.973241 
     5634.588543         0.979069 
     5634.598543         0.978474 
     5634.608543         0.975470 
     5634.618543         0.976388 
     5634.628543         0.977854 
     5634.638542         0.976204 
     5634.648542         0.980218 
     5634.658542         0.982280 
     5634.668542         0.980439 
     5634.678542         0.980571 
     5634.688541         0.980568 
     5634.698541         0.984040 
     5634.708541         0.988919 
     5634.718541         0.982799 
     5634.728541         0.980999 
     5634.738541         0.982985 
     5634.748540         0.981427 
     5634.758540         0.976463 
     5634.768540         0.979588 
     5634.778540         0.989439 
     5634.788540         0.989332 
     5634.798539         0.980450 
     5634.808539         0.978436 
     5634.818539         0.985776 
     5634.828539         0.981941 
     5634.838539         0.980072 
     5634.848538         0.980219 
     5634.858538         0.973049 
     5634.868538         0.973566 
     5634.878538         0.972159 
     5634.888538         0.968292 
     5634.898537         0.976968 
     5634.908537         0.978095 
     5634.918537         0.975918 
     5634.928537         0.979957 
     5634.938537         0.981608 
     5634.948536         0.982021 
     5634.958536         0.982970 
     5634.968536         0.984513 
     5634.978536         0.977551 
     5634.988536         0.970682 
     5634.998535         0.970525 
     5635.008535         0.974401 
     5635.018535         0.970505 
     5635.028535         0.965280 
     5635.038535         0.969570 
     5635.048534         0.973041 
     5635.058534         0.968189 
     5635.068534         0.962521 
     5635.078534         0.968702 
     5635.088534         0.968111 
     5635.098533         0.966845 
     5635.108533         0.971897 
     5635.118533         0.969560 
     5635.128533         0.967286 
     5635.138533         0.964512 
     5635.148532         0.960630 
     5635.158532         0.964488 
     5635.168532         0.957660 
     5635.178532         0.947503 
     5635.188532         0.958500 
     5635.198531         0.959006 
     5635.208531         0.954551 
     5635.218531         0.957001 
     5635.228531         0.961680 
     5635.238531         0.963830 
     5635.248530         0.961862 
     5635.258530         0.959992 
     5635.268530         0.966055 
     5635.278530         0.968647 
     5635.288530         0.966285 
     5635.298529         0.967197 
     5635.308529         0.964809 
     5635.318529         0.965346 
     5635.328529         0.969201 
     5635.338529         0.964846 
     5635.348528         0.967264 
     5635.358528         0.975857 
     5635.368528         0.980960 
     5635.378528         0.982904 
     5635.388528         0.987798 
     5635.398527         0.991651 
     5635.408527         0.985786 
     5635.418527         0.990012 
     5635.428527         0.992521 
     5635.438527         0.986882 
     5635.448526         0.988569 
     5635.458526         0.988187 
     5635.468526         0.982754 
     5635.478526         0.977106 
     5635.488526         0.977675 
     5635.498525         0.982038 
     5635.508525         0.981875 
     5635.518525         0.975457 
     5635.528525         0.986526 
     5635.538525         0.993253 
     5635.548524         0.983957 
     5635.558524         0.989745 
     5635.568524         0.995192 
     5635.578524         0.996457 
     5635.588524         1.000284 
     5635.598523         0.999902 
     5635.608523         1.000193 
     5635.618523         1.002576 
     5635.628523         1.003539 
     5635.638523         0.999169 
     5635.648523         0.997133 
     5635.658522         1.000773 
     5635.668522         1.001530 
     5635.678522         1.000380 
     5635.688522         0.995235 
     5635.698522         0.988014 
     5635.708521         0.990022 
     5635.718521         0.977867 
     5635.728521         0.955970 
     5635.738521         0.945247 
     5635.748521         0.921000 
     5635.758520         0.892984 
     5635.768520         0.868279 
     5635.778520         0.831664 
     5635.788520         0.797301 
     5635.798520         0.769239 
     5635.808519         0.745064 
     5635.818519         0.731577 
     5635.828519         0.729464 
     5635.838519         0.737211 
     5635.848519         0.753914 
     5635.858518         0.783675 
     5635.868518         0.815569 
     5635.878518         0.848259 
     5635.888518         0.884691 
     5635.898518         0.912356 
     5635.908517         0.930170 
     5635.918517         0.945145 
     5635.928517         0.963272 
     5635.938517         0.975499 
     5635.948517         0.984154 
     5635.958516         0.992177 
     5635.968516         0.990994 
     5635.978516         0.996007 
     5635.988516         1.004186 
     5635.998516         0.997477 
     5636.008515         0.999915 
     5636.018515         1.005536 
     5636.028515         1.003794 
     5636.038515         0.997002 
     5636.048515         0.993424 
     5636.058514         0.993441 
     5636.068514         0.993163 
     5636.078514         0.991859 
     5636.088514         0.989354 
     5636.098514         0.985742 
     5636.108513         0.982277 
     5636.118513         0.978363 
     5636.128513         0.981029 
     5636.138513         0.985668 
     5636.148513         0.981502 
     5636.158512         0.976503 
     5636.168512         0.975162 
     5636.178512         0.975746 
     5636.188512         0.969795 
     5636.198512         0.964927 
     5636.208511         0.963741 
     5636.218511         0.964187 
     5636.228511         0.962707 
     5636.238511         0.964478 
     5636.248511         0.969284 
     5636.258510         0.975522 
     5636.268510         0.980825 
     5636.278510         0.984705 
     5636.288510         0.989136 
     5636.298510         0.994964 
     5636.308509         0.996010 
     5636.318509         0.996846 
     5636.328509         1.001282 
     5636.338509         1.002622 
     5636.348509         1.003961 
     5636.358508         1.005336 
     5636.368508         1.004194 
     5636.378508         1.000124 
     5636.388508         0.997633 
     5636.398508         0.997034 
     5636.408507         0.994367 
     5636.418507         0.998338 
     5636.428507         1.001876 
     5636.438507         0.999486 
     5636.448507         0.998116 
     5636.458506         0.995616 
     5636.468506         0.993838 
     5636.478506         0.994570 
     5636.488506         1.000607 
     5636.498506         1.005666 
     5636.508505         1.004410 
     5636.518505         1.001359 
     5636.528505         0.999924 
     5636.538505         1.000711 
     5636.548505         1.001989 
     5636.558505         1.004368 
     5636.568504         1.005422 
     5636.578504         1.001770 
     5636.588504         0.994819 
     5636.598504         0.991596 
     5636.608504         0.982963 
     5636.618503         0.969280 
     5636.628503         0.954211 
     5636.638503         0.936120 
     5636.648503         0.913745 
     5636.658503         0.889127 
     5636.668502         0.865612 
     5636.678502         0.845658 
     5636.688502         0.834936 
     5636.698502         0.833304 
     5636.708502         0.835009 
     5636.718501         0.847863 
     5636.728501         0.863374 
     5636.738501         0.876768 
     5636.748501         0.899647 
     5636.758501         0.921404 
     5636.768500         0.940847 
     5636.778500         0.959069 
     5636.788500         0.965938 
     5636.798500         0.973926 
     5636.808500         0.984514 
     5636.818499         0.990303 
     5636.828499         0.992217 
     5636.838499         0.998070 
     5636.848499         1.004742 
     5636.858499         1.002675 
     5636.868498         0.997851 
     5636.878498         0.996796 
     5636.888498         0.999380 
     5636.898498         1.001314 
     5636.908498         1.002322 
     5636.918497         1.000699 
     5636.928497         0.999953 
     5636.938497         1.008016 
     5636.948497         1.004461 
     5636.958497         0.996341 
     5636.968496         0.999763 
     5636.978496         1.001290 
     5636.988496         0.996053 
     5636.998496         0.986569 
     5637.008496         0.980488 
     5637.018495         0.977576 
     5637.028495         0.964247 
     5637.038495         0.940942 
     5637.048495         0.918028 
     5637.058495         0.888644 
     5637.068494         0.854862 
     5637.078494         0.821747 
     5637.088494         0.786835 
     5637.098494         0.760953 
     5637.108494         0.744503 
     5637.118493         0.735074 
     5637.128493         0.741966 
     5637.138493         0.757224 
     5637.148493         0.779603 
     5637.158493         0.810466 
     5637.168492         0.843895 
     5637.178492         0.873593 
     5637.188492         0.900905 
     5637.198492         0.924411 
     5637.208492         0.947916 
     5637.218491         0.965044 
     5637.228491         0.972252 
     5637.238491         0.976940 
     5637.248491         0.980735 
     5637.258491         0.984404 
     5637.268490         0.984330 
     5637.278490         0.973507 
     5637.288490         0.968708 
     5637.298490         0.964393 
     5637.308490         0.945520 
     5637.318489         0.918421 
     5637.328489         0.893502 
     5637.338489         0.868461 
     5637.348489         0.834470 
     5637.358489         0.800868 
     5637.368488         0.767438 
     5637.378488         0.733469 
     5637.388488         0.704182 
     5637.398488         0.686910 
     5637.408488         0.686316 
     5637.418487         0.698061 
     5637.428487         0.712527 
     5637.438487         0.733511 
     5637.448487         0.765998 
     5637.458487         0.807393 
     5637.468487         0.844037 
     5637.478486         0.872984 
     5637.488486         0.896780 
     5637.498486         0.918664 
     5637.508486         0.940408 
     5637.518486         0.956313 
     5637.528485         0.966186 
     5637.538485         0.975032 
     5637.548485         0.984290 
     5637.558485         0.988288 
     5637.568485         0.989045 
     5637.578484         0.993945 
     5637.588484         0.993513 
     5637.598484         0.988766 
     5637.608484         0.985113 
     5637.618484         0.988434 
     5637.628483         0.989042 
     5637.638483         0.982011 
     5637.648483         0.977619 
     5637.658483         0.982376 
     5637.668483         0.978270 
     5637.678482         0.968671 
     5637.688482         0.965888 
     5637.698482         0.968668 
     5637.708482         0.966935 
     5637.718482         0.965413 
     5637.728481         0.971238 
     5637.738481         0.976978 
     5637.748481         0.982168 
     5637.758481         0.983025 
     5637.768481         0.977649 
     5637.778480         0.983732 
     5637.788480         0.993488 
     5637.798480         0.994484 
     5637.808480         0.992329 
     5637.818480         0.997018 
     5637.828479         0.999386 
     5637.838479         0.997647 
     5637.848479         1.001761 
     5637.858479         1.001670 
     5637.868479         1.000053 
     5637.878478         1.000614 
     5637.888478         1.004561 
     5637.898478         1.004070 
     5637.908478         1.001844 
     5637.918478         1.004689 
     5637.928477         1.004518 
     5637.938477         1.003776 
     5637.948477         1.004418 
     5637.958477         1.004999 
     5637.968477         1.006493 
     5637.978476         1.005718 
     5637.988476         1.001807 
     5637.998476         0.998322 
     5638.008476         0.999924 
     5638.018476         1.002130 
     5638.028475         1.001153 
     5638.038475         1.001944 
     5638.048475         0.996356 
     5638.058475         0.997561 
     5638.068475         1.004933 
     5638.078474         0.994841 
     5638.088474         0.986100 
     5638.098474         0.978778 
     5638.108474         0.970214 
     5638.118474         0.971341 
     5638.128473         0.959958 
     5638.138473         0.936417 
     5638.148473         0.918116 
     5638.158473         0.904400 
     5638.168473         0.875977 
     5638.178472         0.833860 
     5638.188472         0.789641 
     5638.198472         0.747866 
     5638.208472         0.696135 
     5638.218472         0.637326 
     5638.228471         0.583321 
     5638.238471         0.536238 
     5638.248471         0.499883 
     5638.258471         0.478924 
     5638.268471         0.473838 
     5638.278470         0.482231 
     5638.288470         0.505705 
     5638.298470         0.545417 
     5638.308470         0.599655 
     5638.318470         0.657380 
     5638.328469         0.714337 
     5638.338469         0.768642 
     5638.348469         0.813934 
     5638.358469         0.854007 
     5638.368469         0.889494 
     5638.378469         0.915929 
     5638.388468         0.934652 
     5638.398468         0.947651 
     5638.408468         0.960207 
     5638.418468         0.974372 
     5638.428468         0.981275 
     5638.438467         0.983045 
     5638.448467         0.986581 
     5638.458467         0.993660 
     5638.468467         0.995824 
     5638.478467         0.995388 
     5638.488466         0.997508 
     5638.498466         0.996657 
     5638.508466         0.994555 
     5638.518466         0.995225 
     5638.528466         0.997697 
     5638.538465         0.996112 
     5638.548465         0.997254 
     5638.558465         0.998334 
     5638.568465         0.997649 
     5638.578465         0.997534 
     5638.588464         0.994748 
     5638.598464         0.997965 
     5638.608464         1.002293 
     5638.618464         0.994503 
     5638.628464         0.994187 
     5638.638463         0.997930 
     5638.648463         0.994340 
     5638.658463         0.982506 
     5638.668463         0.977243 
     5638.678463         0.971417 
     5638.688462         0.965820 
     5638.698462         0.965657 
     5638.708462         0.948285 
     5638.718462         0.936342 
     5638.728462         0.935360 
     5638.738461         0.927325 
     5638.748461         0.928106 
     5638.758461         0.935366 
     5638.768461         0.936743 
     5638.778461         0.940509 
     5638.788460         0.952619 
     5638.798460         0.963487 
     5638.808460         0.965242 
     5638.818460         0.970730 
     5638.828460         0.978112 
