     6817.365147         0.995927 
     6817.375147         0.997650 
     6817.385147         0.999440 
     6817.395147         0.999714 
     6817.405146         0.997491 
     6817.415146         0.996527 
     6817.425146         1.002749 
     6817.435146         1.007103 
     6817.445146         1.003192 
     6817.455145         0.998806 
     6817.465145         0.995675 
     6817.475145         0.992273 
     6817.485145         0.992353 
     6817.495145         0.998941 
     6817.505144         1.003323 
     6817.515144         1.001795 
     6817.525144         0.999013 
     6817.535144         0.996799 
     6817.545144         0.997371 
     6817.555143         0.998855 
     6817.565143         1.001862 
     6817.575143         1.009850 
     6817.585143         1.018015 
     6817.595143         1.005852 
     6817.605142         0.987712 
     6817.615142         0.987671 
     6817.625142         0.993488 
     6817.635142         0.994567 
     6817.645142         0.998106 
     6817.655142         1.002215 
     6817.665141         0.997600 
     6817.675141         0.992056 
     6817.685141         0.996050 
     6817.695141         1.001145 
     6817.705141         1.003662 
     6817.715140         1.002345 
     6817.725140         0.999543 
     6817.735140         0.998181 
     6817.745140         0.996551 
     6817.755140         0.994657 
     6817.765139         0.996237 
     6817.775139         1.000769 
     6817.785139         1.000387 
     6817.795139         0.996602 
     6817.805139         0.997208 
     6817.815138         0.997804 
     6817.825138         0.998023 
     6817.835138         1.001566 
     6817.845138         1.007075 
     6817.855138         1.004860 
     6817.865137         0.999892 
     6817.875137         1.000267 
     6817.885137         0.999754 
     6817.895137         0.997942 
     6817.905137         0.998481 
     6817.915136         1.001655 
     6817.925136         1.003010 
     6817.935136         1.003224 
     6817.945136         1.003893 
     6817.955136         1.004469 
     6817.965135         1.002810 
     6817.975135         0.998605 
     6817.985135         0.995691 
     6817.995135         0.998643 
     6818.005135         0.999963 
     6818.015134         0.995584 
     6818.025134         0.993798 
     6818.035134         0.995872 
     6818.045134         0.997290 
     6818.055134         0.998982 
     6818.065133         1.000240 
     6818.075133         0.999777 
     6818.085133         0.997554 
     6818.095133         0.995431 
     6818.105133         0.992449 
     6818.115132         0.984484 
     6818.125132         0.981828 
     6818.135132         0.989474 
     6818.145132         0.994815 
     6818.155132         0.994324 
     6818.165131         0.994819 
     6818.175131         0.994360 
     6818.185131         0.987993 
     6818.195131         0.987860 
     6818.205131         0.996442 
     6818.215130         0.998007 
     6818.225130         0.992502 
     6818.235130         0.989513 
     6818.245130         0.989787 
     6818.255130         0.992038 
     6818.265129         0.989610 
     6818.275129         0.983070 
     6818.285129         0.986837 
     6818.295129         0.993067 
     6818.305129         0.989433 
     6818.315128         0.986560 
     6818.325128         0.992501 
     6818.335128         0.992434 
     6818.345128         0.987188 
     6818.355128         0.988517 
     6818.365127         0.991821 
     6818.375127         0.990492 
     6818.385127         0.989862 
     6818.395127         0.992824 
     6818.405127         0.993380 
     6818.415126         0.991753 
     6818.425126         0.990770 
     6818.435126         0.990994 
     6818.445126         0.992223 
     6818.455126         0.993418 
     6818.465125         0.993233 
     6818.475125         0.996110 
     6818.485125         0.998039 
     6818.495125         0.994271 
     6818.505125         0.990823 
     6818.515124         0.990041 
     6818.525124         0.991909 
     6818.535124         0.994922 
     6818.545124         0.995117 
     6818.555124         0.993517 
     6818.565124         0.989938 
     6818.575123         0.990020 
     6818.585123         0.993933 
     6818.595123         0.996107 
     6818.605123         0.994221 
     6818.615123         0.988565 
     6818.625122         0.984508 
     6818.635122         0.987416 
     6818.645122         0.992469 
     6818.655122         0.998129 
     6818.665122         1.002247 
     6818.675121         1.000742 
     6818.685121         0.991480 
     6818.695121         0.988814 
     6818.705121         0.997109 
     6818.715121         1.001846 
     6818.725120         1.002023 
     6818.735120         0.998844 
     6818.745120         0.997108 
     6818.755120         1.000048 
     6818.765120         1.000593 
     6818.775119         0.998515 
     6818.785119         0.999160 
     6818.795119         0.999438 
     6818.805119         0.996947 
     6818.815119         0.997379 
     6818.825118         1.001544 
     6818.835118         0.999387 
     6818.845118         0.995745 
     6818.855118         1.002994 
     6818.865118         1.005762 
     6818.875117         0.995548 
     6818.885117         0.993264 
     6818.895117         1.001754 
     6818.905117         1.005554 
     6818.915117         1.004393 
     6818.925116         1.001572 
     6818.935116         0.997597 
     6818.945116         0.994999 
     6818.955116         0.996883 
     6818.965116         1.000023 
     6818.975115         0.998430 
     6818.985115         0.997574 
     6818.995115         1.000686 
     6819.005115         1.002588 
     6819.015115         1.000472 
     6819.025114         0.995400 
     6819.035114         0.992629 
     6819.045114         0.996366 
     6819.055114         1.001838 
     6819.065114         1.004189 
     6819.075113         1.004178 
     6819.085113         1.003740 
     6819.095113         1.004878 
     6819.105113         1.004252 
     6819.115113         1.000001 
     6819.125112         0.998259 
     6819.135112         1.001783 
     6819.145112         1.006502 
     6819.155112         1.006808 
     6819.165112         1.000029 
     6819.175111         0.997865 
     6819.185111         1.005686 
     6819.195111         1.007065 
     6819.205111         1.001871 
     6819.215111         0.998852 
     6819.225110         0.998106 
     6819.235110         0.997680 
     6819.245110         0.997215 
     6819.255110         0.995986 
     6819.265110         0.998288 
     6819.275109         1.001522 
     6819.285109         1.001847 
     6819.295109         1.000930 
     6819.305109         1.001240 
     6819.315109         1.000094 
     6819.325108         0.999316 
     6819.335108         0.999915 
     6819.345108         1.002016 
     6819.355108         1.004245 
     6819.365108         1.003185 
     6819.375107         1.000027 
     6819.385107         1.001502 
     6819.395107         1.001841 
     6819.405107         0.994379 
     6819.415107         0.989468 
     6819.425106         0.992023 
     6819.435106         0.987893 
     6819.445106         0.981374 
     6819.455106         0.980799 
     6819.465106         0.980795 
     6819.475106         0.977336 
     6819.485105         0.971557 
     6819.495105         0.965620 
     6819.505105         0.963748 
     6819.515105         0.964693 
     6819.525105         0.966103 
     6819.535104         0.958766 
     6819.545104         0.945132 
     6819.555104         0.942815 
     6819.565104         0.950063 
     6819.575104         0.953801 
     6819.585103         0.951052 
     6819.595103         0.942882 
     6819.605103         0.944749 
     6819.615103         0.955669 
     6819.625103         0.959427 
     6819.635102         0.962729 
     6819.645102         0.971891 
     6819.655102         0.976741 
     6819.665102         0.974796 
     6819.675102         0.980959 
     6819.685101         0.990297 
     6819.695101         0.994138 
     6819.705101         0.992223 
     6819.715101         0.989021 
     6819.725101         0.992005 
     6819.735100         0.999359 
     6819.745100         1.002077 
     6819.755100         0.999235 
     6819.765100         0.992548 
     6819.775100         0.988982 
     6819.785099         0.990083 
     6819.795099         0.988686 
     6819.805099         0.986600 
     6819.815099         0.987401 
     6819.825099         0.991364 
     6819.835098         0.996078 
     6819.845098         0.997980 
     6819.855098         0.996417 
     6819.865098         0.992845 
     6819.875098         0.992225 
     6819.885097         0.997407 
     6819.895097         0.998082 
     6819.905097         0.992652 
     6819.915097         0.991714 
     6819.925097         0.993249 
     6819.935096         0.993923 
     6819.945096         0.993980 
     6819.955096         0.995233 
     6819.965096         0.994964 
     6819.975096         0.994442 
     6819.985095         0.994578 
     6819.995095         0.994841 
     6820.005095         0.995888 
     6820.015095         0.995753 
     6820.025095         0.995764 
     6820.035094         0.997770 
     6820.045094         0.999824 
     6820.055094         0.998916 
     6820.065094         0.995802 
     6820.075094         0.992176 
     6820.085093         0.987774 
     6820.095093         0.986556 
     6820.105093         0.992343 
     6820.115093         0.996406 
     6820.125093         0.995337 
     6820.135092         0.993133 
     6820.145092         0.991903 
     6820.155092         0.988812 
     6820.165092         0.987368 
     6820.175092         0.989531 
     6820.185091         0.987697 
     6820.195091         0.983349 
     6820.205091         0.981550 
     6820.215091         0.982670 
     6820.225091         0.981603 
     6820.235090         0.973358 
     6820.245090         0.958919 
     6820.255090         0.949006 
     6820.265090         0.941862 
     6820.275090         0.928371 
     6820.285089         0.911050 
     6820.295089         0.891080 
     6820.305089         0.868154 
     6820.315089         0.841615 
     6820.325089         0.812714 
     6820.335088         0.785864 
     6820.345088         0.766364 
     6820.355088         0.750152 
     6820.365088         0.737965 
     6820.375088         0.735016 
     6820.385088         0.739515 
     6820.395087         0.748409 
     6820.405087         0.762817 
     6820.415087         0.783873 
     6820.425087         0.810181 
     6820.435087         0.838784 
     6820.445086         0.863186 
     6820.455086         0.887048 
     6820.465086         0.912712 
     6820.475086         0.930368 
     6820.485086         0.939964 
     6820.495085         0.950876 
     6820.505085         0.962658 
     6820.515085         0.970720 
     6820.525085         0.978503 
     6820.535085         0.984518 
     6820.545084         0.985545 
     6820.555084         0.985547 
     6820.565084         0.991437 
     6820.575084         0.995441 
     6820.585084         0.992337 
     6820.595083         0.988780 
     6820.605083         0.987850 
     6820.615083         0.990528 
     6820.625083         0.995469 
     6820.635083         1.001836 
     6820.645082         1.001701 
     6820.655082         0.995393 
     6820.665082         0.993521 
     6820.675082         0.995946 
     6820.685082         0.999556 
     6820.695081         1.000170 
     6820.705081         0.996880 
     6820.715081         0.997226 
     6820.725081         1.000342 
     6820.735081         1.003361 
     6820.745080         1.001764 
     6820.755080         0.995097 
     6820.765080         0.995684 
     6820.775080         1.002129 
     6820.785080         1.001104 
     6820.795079         0.995871 
     6820.805079         0.991739 
     6820.815079         0.994591 
     6820.825079         1.002014 
     6820.835079         1.002662 
     6820.845078         0.999650 
     6820.855078         1.000719 
     6820.865078         1.003798 
     6820.875078         1.008063 
     6820.885078         1.007347 
     6820.895077         1.004288 
     6820.905077         1.004807 
     6820.915077         1.005441 
     6820.925077         1.003462 
     6820.935077         1.000661 
     6820.945076         0.998257 
     6820.955076         1.000108 
     6820.965076         1.005106 
     6820.975076         1.011144 
     6820.985076         1.008810 
     6820.995075         0.998829 
     6821.005075         0.999774 
     6821.015075         1.004028 
     6821.025075         0.998789 
     6821.035075         0.995989 
     6821.045074         1.001020 
     6821.055074         1.004032 
     6821.065074         1.003962 
     6821.075074         1.003913 
     6821.085074         1.003229 
     6821.095073         1.001922 
     6821.105073         0.998867 
     6821.115073         0.996180 
     6821.125073         0.997425 
     6821.135073         1.000855 
     6821.145072         1.005541 
     6821.155072         1.007009 
     6821.165072         1.006657 
     6821.175072         1.005072 
     6821.185072         1.003362 
     6821.195071         1.000936 
     6821.205071         0.997375 
     6821.215071         0.994457 
     6821.225071         0.994872 
     6821.235071         0.995876 
     6821.245070         0.990974 
     6821.255070         0.986118 
     6821.265070         0.985394 
     6821.275070         0.986427 
     6821.285070         0.988059 
     6821.295070         0.986693 
     6821.305069         0.987449 
     6821.315069         0.992904 
     6821.325069         0.995232 
     6821.335069         0.993122 
     6821.345069         0.990973 
     6821.355068         0.991141 
     6821.365068         0.993312 
     6821.375068         0.994880 
     6821.385068         0.994437 
     6821.395068         0.990936 
     6821.405067         0.988751 
     6821.415067         0.993046 
     6821.425067         0.997746 
     6821.435067         0.999798 
     6821.445067         1.000819 
     6821.455066         1.000089 
     6821.465066         0.996932 
     6821.475066         0.994785 
     6821.485066         0.995932 
     6821.495066         0.995953 
     6821.505065         0.994402 
     6821.515065         0.995828 
     6821.525065         0.996455 
     6821.535065         0.994568 
     6821.545065         0.997178 
     6821.555064         1.003526 
     6821.565064         1.002459 
     6821.575064         0.998184 
     6821.585064         0.998831 
     6821.595064         1.002969 
     6821.605063         1.005189 
     6821.615063         1.000346 
     6821.625063         0.994179 
     6821.635063         0.999656 
     6821.645063         1.001038 
     6821.655062         0.993825 
     6821.665062         0.992981 
     6821.675062         0.998180 
     6821.685062         0.999287 
     6821.695062         0.997593 
     6821.705061         0.993608 
     6821.715061         0.992310 
     6821.725061         0.994679 
     6821.735061         0.997364 
     6821.745061         0.999854 
     6821.755060         0.999322 
     6821.765060         0.994039 
     6821.775060         0.988380 
     6821.785060         0.991201 
     6821.795060         0.997592 
     6821.805059         1.000488 
     6821.815059         0.996563 
     6821.825059         0.987970 
     6821.835059         0.986902 
     6821.845059         0.991375 
     6821.855058         0.995823 
     6821.865058         0.997427 
     6821.875058         0.996851 
     6821.885058         0.994798 
     6821.895058         0.995038 
     6821.905057         0.999471 
     6821.915057         1.001191 
     6821.925057         0.994581 
     6821.935057         0.992655 
     6821.945057         0.995014 
     6821.955056         0.995514 
     6821.965056         0.995496 
     6821.975056         0.997218 
     6821.985056         0.994440 
     6821.995056         0.988655 
     6822.005055         0.991775 
     6822.015055         0.996620 
     6822.025055         0.995004 
     6822.035055         0.988939 
     6822.045055         0.984080 
     6822.055054         0.985509 
     6822.065054         0.989393 
     6822.075054         0.990546 
     6822.085054         0.994149 
     6822.095054         1.001027 
     6822.105053         0.996123 
     6822.115053         0.988192 
     6822.125053         0.992989 
     6822.135053         0.999339 
     6822.145053         0.999221 
     6822.155052         0.997239 
     6822.165052         0.995498 
     6822.175052         0.996352 
     6822.185052         0.998483 
     6822.195052         1.000574 
     6822.205052         0.997860 
     6822.215051         0.992574 
     6822.225051         0.990014 
     6822.235051         0.991484 
     6822.245051         0.995492 
     6822.255051         0.993583 
     6822.265050         0.987810 
     6822.275050         0.993747 
     6822.285050         1.001916 
     6822.295050         0.998686 
     6822.305050         0.995296 
     6822.315049         0.998416 
     6822.325049         1.004068 
     6822.335049         1.005976 
     6822.345049         0.999320 
     6822.355049         0.996796 
     6822.365048         1.005282 
     6822.375048         1.007913 
     6822.385048         1.004829 
     6822.395048         0.999670 
     6822.405048         1.000701 
     6822.415047         1.009756 
     6822.425047         1.010498 
     6822.435047         1.005513 
     6822.445047         1.008253 
     6822.455047         1.010507 
     6822.465046         1.007948 
     6822.475046         1.005576 
     6822.485046         1.004280 
     6822.495046         1.000822 
     6822.505046         0.997344 
     6822.515045         0.994755 
     6822.525045         0.996449 
     6822.535045         1.001043 
     6822.545045         1.002937 
     6822.555045         1.003340 
     6822.565044         1.005748 
     6822.575044         1.003819 
     6822.585044         0.998630 
     6822.595044         0.997386 
     6822.605044         1.000119 
     6822.615043         1.005810 
     6822.625043         1.007053 
     6822.635043         1.003366 
     6822.645043         1.000815 
     6822.655043         0.999834 
     6822.665042         1.000729 
     6822.675042         1.000930 
     6822.685042         0.999076 
     6822.695042         0.996308 
     6822.705042         0.995529 
     6822.715041         1.001616 
     6822.725041         1.001803 
     6822.735041         0.990778 
     6822.745041         0.993056 
     6822.755041         1.005277 
     6822.765040         1.005959 
     6822.775040         1.000385 
     6822.785040         0.993372 
     6822.795040         0.993157 
     6822.805040         0.998467 
     6822.815039         1.002855 
     6822.825039         1.002268 
     6822.835039         0.996217 
     6822.845039         0.996605 
     6822.855039         1.001122 
     6822.865038         0.996682 
     6822.875038         0.991489 
     6822.885038         0.996268 
     6822.895038         1.000865 
     6822.905038         1.001560 
     6822.915037         1.002861 
     6822.925037         1.002879 
     6822.935037         0.998123 
     6822.945037         0.995542 
     6822.955037         0.995941 
     6822.965036         0.994907 
     6822.975036         0.993043 
     6822.985036         0.994835 
     6822.995036         0.995219 
     6823.005036         0.993523 
     6823.015035         0.995839 
     6823.025035         0.998052 
     6823.035035         0.994280 
     6823.045035         0.991452 
     6823.055035         0.992975 
     6823.065034         0.992181 
     6823.075034         0.990659 
     6823.085034         0.995311 
     6823.095034         0.997408 
     6823.105034         0.993030 
     6823.115034         0.992263 
     6823.125033         0.995045 
     6823.135033         0.995968 
     6823.145033         0.995287 
     6823.155033         0.994481 
     6823.165033         0.997194 
     6823.175032         1.001364 
     6823.185032         0.997866 
     6823.195032         0.994359 
     6823.205032         0.996401 
     6823.215032         0.998430 
     6823.225031         0.998550 
     6823.235031         0.995482 
     6823.245031         0.995147 
     6823.255031         1.000616 
     6823.265031         0.998258 
     6823.275030         0.991148 
     6823.285030         0.996377 
     6823.295030         1.003091 
     6823.305030         0.996894 
     6823.315030         0.992330 
     6823.325029         0.994566 
     6823.335029         0.992371 
     6823.345029         0.992131 
     6823.355029         0.998411 
     6823.365029         1.002251 
