     6062.490079         0.997098 
     6062.500079         0.990855 
     6062.510079         0.998923 
     6062.520079         1.002709 
     6062.530078         0.996073 
     6062.540078         0.997188 
     6062.550078         1.002313 
     6062.560078         1.000813 
     6062.570078         0.995418 
     6062.580077         0.989192 
     6062.590077         0.985852 
     6062.600077         0.983388 
     6062.610077         0.979221 
     6062.620077         0.976523 
     6062.630076         0.973949 
     6062.640076         0.966842 
     6062.650076         0.960050 
     6062.660076         0.958562 
     6062.670076         0.957868 
     6062.680075         0.957090 
     6062.690075         0.958407 
     6062.700075         0.960451 
     6062.710075         0.963193 
     6062.720075         0.966194 
     6062.730075         0.967445 
     6062.740074         0.964954 
     6062.750074         0.962612 
     6062.760074         0.962605 
     6062.770074         0.954549 
     6062.780074         0.939907 
     6062.790073         0.923795 
     6062.800073         0.906542 
     6062.810073         0.888621 
     6062.820073         0.871673 
     6062.830073         0.856656 
     6062.840072         0.845136 
     6062.850072         0.839156 
     6062.860072         0.839778 
     6062.870072         0.843580 
     6062.880072         0.853040 
     6062.890071         0.871447 
     6062.900071         0.889086 
     6062.910071         0.904972 
     6062.920071         0.925129 
     6062.930071         0.942552 
     6062.940070         0.952829 
     6062.950070         0.960875 
     6062.960070         0.967817 
     6062.970070         0.973372 
     6062.980070         0.978410 
     6062.990069         0.983353 
     6063.000069         0.989616 
     6063.010069         0.994431 
     6063.020069         0.994887 
     6063.030069         0.995840 
     6063.040068         0.998778 
     6063.050068         0.998980 
     6063.060068         0.997178 
     6063.070068         0.995405 
     6063.080068         0.996748 
     6063.090067         1.000640 
     6063.100067         1.000547 
     6063.110067         0.999112 
     6063.120067         1.002152 
     6063.130067         1.002405 
     6063.140066         0.998920 
     6063.150066         0.996989 
     6063.160066         0.997987 
     6063.170066         1.001014 
     6063.180066         1.002126 
     6063.190065         1.000539 
     6063.200065         0.997856 
     6063.210065         0.996701 
     6063.220065         0.998572 
     6063.230065         0.996931 
     6063.240064         0.995539 
     6063.250064         1.000496 
     6063.260064         1.001923 
     6063.270064         0.996258 
     6063.280064         0.992312 
     6063.290063         0.992547 
     6063.300063         0.996586 
     6063.310063         0.995703 
     6063.320063         0.991249 
     6063.330063         0.993462 
     6063.340062         0.998517 
     6063.350062         1.001138 
     6063.360062         0.998373 
     6063.370062         0.993405 
     6063.380062         0.994019 
     6063.390061         0.998398 
     6063.400061         1.002808 
     6063.410061         1.005856 
     6063.420061         1.006811 
     6063.430061         1.004745 
     6063.440060         1.002128 
     6063.450060         1.001200 
     6063.460060         1.003231 
     6063.470060         1.006524 
     6063.480060         1.006924 
     6063.490059         1.004532 
     6063.500059         1.000114 
     6063.510059         0.999322 
     6063.520059         1.002683 
     6063.530059         1.007596 
     6063.540058         1.006943 
     6063.550058         1.001972 
     6063.560058         1.004651 
     6063.570058         1.006212 
     6063.580058         0.999002 
     6063.590057         0.997661 
     6063.600057         1.002291 
     6063.610057         1.003573 
     6063.620057         1.002496 
     6063.630057         1.000466 
     6063.640057         0.998098 
     6063.650056         0.996522 
     6063.660056         0.996930 
     6063.670056         0.998670 
     6063.680056         1.000323 
     6063.690056         0.999603 
     6063.700055         0.996410 
     6063.710055         0.992224 
     6063.720055         0.992147 
     6063.730055         0.995551 
     6063.740055         0.994128 
     6063.750054         0.993082 
     6063.760054         0.997316 
     6063.770054         0.997305 
     6063.780054         0.993032 
     6063.790054         0.992711 
     6063.800053         0.993384 
     6063.810053         0.993445 
     6063.820053         0.991461 
     6063.830053         0.988908 
     6063.840053         0.988763 
     6063.850052         0.992943 
     6063.860052         0.997936 
     6063.870052         0.993606 
     6063.880052         0.989650 
     6063.890052         0.998231 
     6063.900051         0.996573 
     6063.910051         0.984786 
     6063.920051         0.989180 
     6063.930051         0.997010 
     6063.940051         0.994276 
     6063.950050         0.986631 
     6063.960050         0.979552 
     6063.970050         0.979593 
     6063.980050         0.981796 
     6063.990050         0.982602 
     6064.000049         0.982611 
     6064.010049         0.982030 
     6064.020049         0.980766 
     6064.030049         0.983643 
     6064.040049         0.989377 
     6064.050048         0.986215 
     6064.060048         0.983113 
     6064.070048         0.990809 
     6064.080048         0.996181 
     6064.090048         0.995864 
     6064.100047         0.993934 
     6064.110047         0.994253 
     6064.120047         0.997944 
     6064.130047         0.998348 
     6064.140047         0.997011 
     6064.150046         0.999574 
     6064.160046         0.998313 
     6064.170046         0.992984 
     6064.180046         1.000301 
     6064.190046         1.009581 
     6064.200045         1.001837 
     6064.210045         0.997690 
     6064.220045         1.002467 
     6064.230045         0.995855 
     6064.240045         0.991902 
     6064.250044         1.004366 
     6064.260044         1.009159 
     6064.270044         1.003582 
     6064.280044         1.002980 
     6064.290044         1.005653 
     6064.300043         1.007872 
     6064.310043         1.006811 
     6064.320043         1.005331 
     6064.330043         1.008851 
     6064.340043         1.007036 
     6064.350042         0.998021 
     6064.360042         0.998663 
     6064.370042         1.003444 
     6064.380042         1.002252 
     6064.390042         1.004461 
     6064.400041         1.010703 
     6064.410041         1.008830 
     6064.420041         1.004816 
     6064.430041         1.004299 
     6064.440041         1.000488 
     6064.450040         0.995549 
     6064.460040         0.995543 
     6064.470040         0.996708 
     6064.480040         0.996681 
     6064.490040         0.999147 
     6064.500039         1.000486 
     6064.510039         0.996218 
     6064.520039         0.990818 
     6064.530039         0.988546 
     6064.540039         0.989442 
     6064.550039         0.986757 
     6064.560038         0.976318 
     6064.570038         0.968584 
     6064.580038         0.963379 
     6064.590038         0.953213 
     6064.600038         0.942453 
     6064.610037         0.936870 
     6064.620037         0.935342 
     6064.630037         0.935257 
     6064.640037         0.934744 
     6064.650037         0.937973 
     6064.660036         0.946198 
     6064.670036         0.950759 
     6064.680036         0.954560 
     6064.690036         0.961466 
     6064.700036         0.970792 
     6064.710035         0.979985 
     6064.720035         0.983304 
     6064.730035         0.984464 
     6064.740035         0.986118 
     6064.750035         0.984423 
     6064.760034         0.982544 
     6064.770034         0.987791 
     6064.780034         0.990155 
     6064.790034         0.988497 
     6064.800034         0.995126 
     6064.810033         1.003456 
     6064.820033         1.000566 
     6064.830033         0.994404 
     6064.840033         0.990941 
     6064.850033         0.996029 
     6064.860032         1.000444 
     6064.870032         0.997542 
     6064.880032         0.996277 
     6064.890032         0.997449 
     6064.900032         0.997010 
     6064.910031         0.996008 
     6064.920031         0.994514 
     6064.930031         0.994935 
     6064.940031         0.995638 
     6064.950031         0.995094 
     6064.960030         0.995087 
     6064.970030         0.994881 
     6064.980030         0.991145 
     6064.990030         0.989421 
     6065.000030         0.994413 
     6065.010029         0.997497 
     6065.020029         0.997260 
     6065.030029         0.997528 
     6065.040029         0.998028 
     6065.050029         0.998322 
     6065.060028         0.996027 
     6065.070028         0.993555 
     6065.080028         0.993211 
     6065.090028         0.990861 
     6065.100028         0.986551 
     6065.110027         0.987309 
     6065.120027         0.988430 
     6065.130027         0.986331 
     6065.140027         0.986495 
     6065.150027         0.988181 
     6065.160026         0.986183 
     6065.170026         0.985286 
     6065.180026         0.987642 
     6065.190026         0.988386 
     6065.200026         0.988020 
     6065.210025         0.989129 
     6065.220025         0.989335 
     6065.230025         0.986740 
     6065.240025         0.982770 
     6065.250025         0.979688 
     6065.260024         0.978773 
     6065.270024         0.974774 
     6065.280024         0.969323 
     6065.290024         0.969864 
     6065.300024         0.966054 
     6065.310023         0.953029 
     6065.320023         0.947041 
     6065.330023         0.942024 
     6065.340023         0.925756 
     6065.350023         0.906001 
     6065.360022         0.883595 
     6065.370022         0.852757 
     6065.380022         0.816034 
     6065.390022         0.777536 
     6065.400022         0.731236 
     6065.410021         0.677475 
     6065.420021         0.617993 
     6065.430021         0.560001 
     6065.440021         0.506463 
     6065.450021         0.453880 
     6065.460021         0.406613 
     6065.470020         0.371606 
     6065.480020         0.347218 
     6065.490020         0.333519 
     6065.500020         0.334297 
     6065.510020         0.348703 
     6065.520019         0.375661 
     6065.530019         0.414620 
     6065.540019         0.465356 
     6065.550019         0.525311 
     6065.560019         0.585058 
     6065.570018         0.641201 
     6065.580018         0.700728 
     6065.590018         0.755438 
     6065.600018         0.794934 
     6065.610018         0.834073 
     6065.620017         0.874922 
     6065.630017         0.903932 
     6065.640017         0.919717 
     6065.650017         0.926273 
     6065.660017         0.941981 
     6065.670016         0.959255 
     6065.680016         0.958751 
     6065.690016         0.959551 
     6065.700016         0.971428 
     6065.710016         0.977077 
     6065.720015         0.979452 
     6065.730015         0.985797 
     6065.740015         0.988485 
     6065.750015         0.987250 
     6065.760015         0.987501 
     6065.770014         0.986836 
     6065.780014         0.984775 
     6065.790014         0.982976 
     6065.800014         0.982722 
     6065.810014         0.983726 
     6065.820013         0.982959 
     6065.830013         0.982307 
     6065.840013         0.987400 
     6065.850013         0.993386 
     6065.860013         0.993386 
     6065.870012         0.995331 
     6065.880012         0.998223 
     6065.890012         0.994879 
     6065.900012         0.991890 
     6065.910012         0.994276 
     6065.920011         0.997127 
     6065.930011         0.997226 
     6065.940011         0.992109 
     6065.950011         0.991259 
     6065.960011         0.997196 
     6065.970010         1.000273 
     6065.980010         0.999752 
     6065.990010         0.997818 
     6066.000010         0.996695 
     6066.010010         0.996801 
     6066.020009         0.996096 
     6066.030009         0.995052 
     6066.040009         0.995451 
     6066.050009         1.001586 
     6066.060009         1.007591 
     6066.070008         1.006033 
     6066.080008         1.001980 
     6066.090008         0.998197 
     6066.100008         0.996042 
     6066.110008         0.998502 
     6066.120007         1.005152 
     6066.130007         1.003236 
     6066.140007         0.996826 
     6066.150007         0.995849 
     6066.160007         0.996995 
     6066.170006         0.997636 
     6066.180006         0.998849 
     6066.190006         0.999129 
     6066.200006         0.998903 
     6066.210006         0.999171 
     6066.220005         0.999389 
     6066.230005         0.997262 
     6066.240005         0.996998 
     6066.250005         0.999150 
     6066.260005         0.996699 
     6066.270004         0.994530 
     6066.280004         0.998766 
     6066.290004         0.999074 
     6066.300004         0.994555 
     6066.310004         0.992704 
     6066.320003         0.996460 
     6066.330003         1.004255 
     6066.340003         1.003726 
     6066.350003         0.997504 
     6066.360003         0.994561 
     6066.370003         0.995492 
     6066.380002         0.998501 
     6066.390002         0.997981 
     6066.400002         0.996509 
     6066.410002         0.998144 
     6066.420002         0.998161 
     6066.430001         0.998000 
     6066.440001         1.002823 
     6066.450001         1.002046 
     6066.460001         0.992060 
     6066.470001         0.993040 
     6066.480000         0.999487 
     6066.490000         1.001622 
     6066.500000         1.002177 
     6066.510000         1.003663 
     6066.520000         1.005611 
     6066.529999         1.004355 
     6066.539999         0.999389 
     6066.549999         0.997792 
     6066.559999         0.999018 
     6066.569999         0.998807 
     6066.579998         0.998692 
     6066.589998         0.998776 
     6066.599998         0.996761 
     6066.609998         0.996098 
     6066.619998         0.998444 
     6066.629997         0.998443 
     6066.639997         0.996143 
     6066.649997         0.995075 
     6066.659997         0.993959 
     6066.669997         0.991261 
     6066.679996         0.995248 
     6066.689996         1.000576 
     6066.699996         1.000426 
     6066.709996         0.997704 
     6066.719996         0.995819 
     6066.729995         0.998266 
     6066.739995         0.998975 
     6066.749995         0.994613 
     6066.759995         0.997192 
     6066.769995         1.003069 
     6066.779994         1.004322 
     6066.789994         1.004428 
     6066.799994         1.005005 
     6066.809994         1.004845 
     6066.819994         1.005447 
     6066.829993         1.007320 
     6066.839993         1.004445 
     6066.849993         1.000218 
     6066.859993         1.002230 
     6066.869993         1.004892 
     6066.879992         1.004243 
     6066.889992         1.002729 
     6066.899992         1.001282 
     6066.909992         1.000068 
     6066.919992         1.004205 
     6066.929991         1.009598 
     6066.939991         1.005339 
     6066.949991         1.001328 
     6066.959991         1.003402 
     6066.969991         1.007603 
     6066.979990         1.007427 
     6066.989990         0.998144 
     6066.999990         0.998263 
     6067.009990         1.007292 
     6067.019990         1.006937 
     6067.029989         1.004625 
     6067.039989         1.005693 
     6067.049989         1.005888 
     6067.059989         1.004294 
     6067.069989         1.001548 
     6067.079988         0.998317 
     6067.089988         0.996792 
     6067.099988         0.999454 
     6067.109988         1.002194 
     6067.119988         1.001685 
     6067.129987         1.003053 
     6067.139987         1.005103 
     6067.149987         1.004217 
     6067.159987         1.001744 
     6067.169987         0.998741 
     6067.179986         0.996919 
     6067.189986         0.995764 
     6067.199986         0.994867 
     6067.209986         0.997335 
     6067.219986         0.999839 
     6067.229985         0.997471 
     6067.239985         0.997925 
     6067.249985         1.002362 
     6067.259985         0.996722 
     6067.269985         0.991952 
     6067.279985         1.000334 
     6067.289984         0.999507 
     6067.299984         0.991812 
     6067.309984         0.998212 
     6067.319984         1.001051 
     6067.329984         0.992541 
     6067.339983         0.994729 
     6067.349983         1.000523 
     6067.359983         0.997277 
     6067.369983         0.995671 
     6067.379983         0.998918 
     6067.389982         1.001838 
     6067.399982         0.999652 
     6067.409982         0.992592 
     6067.419982         0.994696 
     6067.429982         1.000570 
     6067.439981         0.998657 
     6067.449981         0.996674 
     6067.459981         0.997720 
     6067.469981         0.998138 
     6067.479981         0.997444 
     6067.489980         0.997052 
     6067.499980         0.996510 
     6067.509980         0.995388 
     6067.519980         0.995102 
     6067.529980         0.995869 
     6067.539979         0.996383 
     6067.549979         0.990407 
     6067.559979         0.983642 
     6067.569979         0.981509 
     6067.579979         0.977980 
     6067.589978         0.975338 
     6067.599978         0.979432 
     6067.609978         0.982235 
     6067.619978         0.980951 
     6067.629978         0.979386 
     6067.639977         0.979021 
     6067.649977         0.980708 
     6067.659977         0.985731 
     6067.669977         0.988906 
     6067.679977         0.983011 
     6067.689976         0.983381 
     6067.699976         0.992643 
     6067.709976         0.993918 
     6067.719976         0.991681 
     6067.729976         0.993400 
     6067.739975         0.995699 
     6067.749975         0.996670 
     6067.759975         0.996524 
     6067.769975         0.996611 
     6067.779975         0.998996 
     6067.789974         1.001971 
     6067.799974         1.004632 
     6067.809974         1.004698 
     6067.819974         1.004406 
     6067.829974         1.003464 
     6067.839973         1.002183 
     6067.849973         1.001904 
     6067.859973         1.003337 
     6067.869973         1.001876 
     6067.879973         0.999982 
     6067.889972         1.000327 
     6067.899972         1.000298 
     6067.909972         0.998707 
     6067.919972         0.995233 
     6067.929972         0.993610 
     6067.939971         0.994397 
     6067.949971         0.993117 
     6067.959971         0.990923 
     6067.969971         0.990168 
     6067.979971         0.992496 
     6067.989970         0.996077 
     6067.999970         0.996083 
     6068.009970         0.993095 
     6068.019970         0.990544 
     6068.029970         0.994836 
     6068.039969         0.997083 
     6068.049969         0.988544 
     6068.059969         0.986705 
     6068.069969         0.993090 
     6068.079969         0.994319 
     6068.089968         0.995939 
     6068.099968         1.000550 
     6068.109968         0.999017 
     6068.119968         0.996746 
     6068.129968         1.000975 
     6068.139967         1.002351 
     6068.149967         0.999884 
     6068.159967         0.999614 
     6068.169967         1.000940 
     6068.179967         1.001357 
     6068.189967         0.995490 
     6068.199966         0.990264 
     6068.209966         0.994288 
     6068.219966         0.998887 
     6068.229966         1.000522 
     6068.239966         1.002013 
     6068.249965         1.002722 
     6068.259965         1.003272 
     6068.269965         1.005416 
     6068.279965         1.005329 
     6068.289965         0.998834 
     6068.299964         0.996794 
     6068.309964         1.000538 
     6068.319964         1.001691 
     6068.329964         0.999209 
     6068.339964         0.994300 
     6068.349963         0.995316 
     6068.359963         0.996872 
     6068.369963         0.992537 
     6068.379963         0.993200 
     6068.389963         0.997636 
     6068.399962         0.995361 
     6068.409962         0.994014 
     6068.419962         0.997898 
     6068.429962         0.998923 
     6068.439962         0.996591 
     6068.449961         0.994615 
     6068.459961         0.996856 
     6068.469961         1.001166 
     6068.479961         0.999460 
     6068.489961         0.997214 
