     5129.668531         0.686273 
     5129.678531         0.730653 
     5129.688531         0.771196 
     5129.698531         0.806443 
     5129.708530         0.837522 
     5129.718530         0.866250 
     5129.728530         0.891234 
     5129.738530         0.909502 
     5129.748530         0.918083 
     5129.758529         0.926435 
     5129.768529         0.935716 
     5129.778529         0.940481 
     5129.788529         0.947025 
     5129.798529         0.955375 
     5129.808528         0.958133 
     5129.818528         0.958437 
     5129.828528         0.957773 
     5129.838528         0.954959 
     5129.848528         0.954953 
     5129.858527         0.958949 
     5129.868527         0.962637 
     5129.878527         0.958467 
     5129.888527         0.948946 
     5129.898527         0.951775 
     5129.908526         0.956231 
     5129.918526         0.953267 
     5129.928526         0.949863 
     5129.938526         0.951424 
     5129.948526         0.958470 
     5129.958525         0.960530 
     5129.968525         0.961281 
     5129.978525         0.965833 
     5129.988525         0.971244 
     5129.998525         0.972585 
     5130.008524         0.967743 
     5130.018524         0.966677 
     5130.028524         0.970964 
     5130.038524         0.977364 
     5130.048524         0.977321 
     5130.058523         0.974433 
     5130.068523         0.975650 
     5130.078523         0.976034 
     5130.088523         0.973740 
     5130.098523         0.969230 
     5130.108522         0.968804 
     5130.118522         0.967681 
     5130.128522         0.957970 
     5130.138522         0.959988 
     5130.148522         0.969115 
     5130.158521         0.964477 
     5130.168521         0.960475 
     5130.178521         0.962893 
     5130.188521         0.967096 
     5130.198521         0.961552 
     5130.208521         0.947873 
     5130.218520         0.939491 
     5130.228520         0.930891 
     5130.238520         0.919193 
     5130.248520         0.906923 
     5130.258520         0.897552 
     5130.268519         0.890208 
     5130.278519         0.878894 
     5130.288519         0.865999 
     5130.298519         0.855523 
     5130.308519         0.849115 
     5130.318518         0.834268 
     5130.328518         0.810852 
     5130.338518         0.803686 
     5130.348518         0.794556 
     5130.358518         0.775021 
     5130.368517         0.774628 
     5130.378517         0.783384 
     5130.388517         0.790370 
     5130.398517         0.805538 
     5130.408517         0.826679 
     5130.418516         0.849169 
     5130.428516         0.870729 
     5130.438516         0.889521 
     5130.448516         0.904413 
     5130.458516         0.915071 
     5130.468515         0.926839 
     5130.478515         0.942262 
     5130.488515         0.944415 
     5130.498515         0.940745 
     5130.508515         0.941978 
     5130.518514         0.929933 
     5130.528514         0.914556 
     5130.538514         0.911769 
     5130.548514         0.898884 
     5130.558514         0.879084 
     5130.568513         0.867682 
     5130.578513         0.863765 
     5130.588513         0.864997 
     5130.598513         0.869086 
     5130.608513         0.878516 
     5130.618512         0.891881 
     5130.628512         0.905767 
     5130.638512         0.925775 
     5130.648512         0.947337 
     5130.658512         0.958419 
     5130.668511         0.964656 
     5130.678511         0.972206 
     5130.688511         0.984824 
     5130.698511         0.990512 
     5130.708511         0.990975 
     5130.718510         1.000038 
     5130.728510         1.001030 
     5130.738510         0.993998 
     5130.748510         0.998995 
     5130.758510         1.002282 
     5130.768509         0.998615 
     5130.778509         0.999757 
     5130.788509         1.002055 
     5130.798509         1.001329 
     5130.808509         0.997511 
     5130.818508         0.999060 
     5130.828508         1.007311 
     5130.838508         1.010573 
     5130.848508         1.005131 
     5130.858508         0.994328 
     5130.868507         0.992194 
     5130.878507         0.996345 
     5130.888507         1.000632 
     5130.898507         0.996962 
     5130.908507         0.993011 
     5130.918506         0.993609 
     5130.928506         0.989152 
     5130.938506         0.987497 
     5130.948506         0.993097 
     5130.958506         0.993689 
     5130.968505         0.992047 
     5130.978505         0.993186 
     5130.988505         0.995589 
     5130.998505         0.994785 
     5131.008505         0.990101 
     5131.018504         0.996524 
     5131.028504         1.001701 
     5131.038504         0.994622 
     5131.048504         0.995982 
     5131.058504         0.999150 
     5131.068503         0.994880 
     5131.078503         0.997372 
     5131.088503         0.999693 
     5131.098503         0.992763 
     5131.108503         0.995340 
     5131.118503         0.998701 
     5131.128502         0.988786 
     5131.138502         0.983570 
     5131.148502         0.984487 
     5131.158502         0.985174 
     5131.168502         0.981358 
     5131.178501         0.973067 
     5131.188501         0.963025 
     5131.198501         0.957019 
     5131.208501         0.954090 
     5131.218501         0.950801 
     5131.228500         0.951148 
     5131.238500         0.949186 
     5131.248500         0.936986 
     5131.258500         0.933601 
     5131.268500         0.935420 
     5131.278499         0.926998 
     5131.288499         0.923084 
     5131.298499         0.924619 
     5131.308499         0.922898 
     5131.318499         0.920462 
     5131.328498         0.922486 
     5131.338498         0.932852 
     5131.348498         0.932558 
     5131.358498         0.921071 
     5131.368498         0.909841 
     5131.378497         0.882518 
     5131.388497         0.838338 
     5131.398497         0.790317 
     5131.408497         0.730578 
     5131.418497         0.659898 
     5131.428496         0.589161 
     5131.438496         0.518450 
     5131.448496         0.453738 
     5131.458496         0.407087 
     5131.468496         0.377456 
     5131.478495         0.367345 
     5131.488495         0.384533 
     5131.498495         0.426753 
     5131.508495         0.486593 
     5131.518495         0.551135 
     5131.528494         0.614238 
     5131.538494         0.672570 
     5131.548494         0.723386 
     5131.558494         0.765697 
     5131.568494         0.798862 
     5131.578493         0.824456 
     5131.588493         0.846900 
     5131.598493         0.867000 
     5131.608493         0.879921 
     5131.618493         0.892098 
     5131.628492         0.905858 
     5131.638492         0.914662 
     5131.648492         0.916243 
     5131.658492         0.911485 
     5131.668492         0.906011 
     5131.678491         0.892884 
     5131.688491         0.869762 
     5131.698491         0.844871 
     5131.708491         0.814397 
     5131.718491         0.776605 
     5131.728490         0.736490 
     5131.738490         0.699504 
     5131.748490         0.667892 
     5131.758490         0.641123 
     5131.768490         0.628923 
     5131.778489         0.638519 
     5131.788489         0.667841 
     5131.798489         0.701451 
     5131.808489         0.733446 
     5131.818489         0.778379 
     5131.828488         0.824023 
     5131.838488         0.861274 
     5131.848488         0.898865 
     5131.858488         0.931850 
     5131.868488         0.953504 
     5131.878487         0.961370 
     5131.888487         0.969721 
     5131.898487         0.985207 
     5131.908487         0.990553 
     5131.918487         0.992977 
     5131.928486         1.000421 
     5131.938486         1.007106 
     5131.948486         1.006075 
     5131.958486         0.998190 
     5131.968486         1.005681 
     5131.978485         1.011406 
     5131.988485         1.004075 
     5131.998485         1.007698 
     5132.008485         1.010108 
     5132.018485         1.001467 
     5132.028485         1.005257 
     5132.038484         1.009680 
     5132.048484         1.004257 
     5132.058484         1.004194 
     5132.068484         1.005883 
     5132.078484         1.003263 
     5132.088483         0.997052 
     5132.098483         0.995445 
     5132.108483         0.999965 
     5132.118483         0.993101 
     5132.128483         0.989668 
     5132.138482         1.000043 
     5132.148482         0.996647 
     5132.158482         0.991485 
     5132.168482         0.998035 
     5132.178482         0.996222 
     5132.188481         0.992259 
     5132.198481         0.995513 
     5132.208481         1.001091 
     5132.218481         1.004019 
     5132.228481         1.002658 
     5132.238480         1.003090 
     5132.248480         1.002088 
     5132.258480         0.996072 
     5132.268480         0.991193 
     5132.278480         0.986918 
     5132.288479         0.979227 
     5132.298479         0.963321 
     5132.308479         0.949176 
     5132.318479         0.945204 
     5132.328479         0.939718 
     5132.338478         0.934106 
     5132.348478         0.931552 
     5132.358478         0.927038 
     5132.368478         0.929609 
     5132.378478         0.945157 
     5132.388477         0.954941 
     5132.398477         0.960315 
     5132.408477         0.968394 
     5132.418477         0.981651 
     5132.428477         0.987512 
     5132.438476         0.977265 
     5132.448476         0.970076 
     5132.458476         0.969582 
     5132.468476         0.971245 
     5132.478476         0.963015 
     5132.488475         0.954883 
     5132.498475         0.956926 
     5132.508475         0.956361 
     5132.518475         0.959110 
     5132.528475         0.971088 
     5132.538474         0.975684 
     5132.548474         0.977941 
     5132.558474         0.984873 
     5132.568474         0.984434 
     5132.578474         0.975832 
     5132.588473         0.962076 
     5132.598473         0.945942 
     5132.608473         0.926878 
     5132.618473         0.902329 
     5132.628473         0.869821 
     5132.638472         0.839067 
     5132.648472         0.819136 
     5132.658472         0.805171 
     5132.668472         0.795938 
     5132.678472         0.794595 
     5132.688471         0.809714 
     5132.698471         0.834001 
     5132.708471         0.857765 
     5132.718471         0.880521 
     5132.728471         0.903292 
     5132.738470         0.926403 
     5132.748470         0.947763 
     5132.758470         0.962872 
     5132.768470         0.969872 
     5132.778470         0.975207 
     5132.788469         0.982591 
     5132.798469         0.991747 
     5132.808469         0.992471 
     5132.818469         0.991372 
     5132.828469         0.995216 
     5132.838468         0.998080 
     5132.848468         0.997249 
     5132.858468         0.993439 
     5132.868468         0.993571 
     5132.878468         0.992967 
     5132.888467         0.986783 
     5132.898467         0.979433 
     5132.908467         0.977262 
     5132.918467         0.981368 
     5132.928467         0.980267 
     5132.938467         0.977086 
     5132.948466         0.977028 
     5132.958466         0.981029 
     5132.968466         0.984623 
     5132.978466         0.984281 
     5132.988466         0.986565 
     5132.998465         0.985662 
     5133.008465         0.981746 
     5133.018465         0.993674 
     5133.028465         1.001753 
     5133.038465         0.994412 
     5133.048464         0.995529 
     5133.058464         0.998936 
     5133.068464         0.998270 
     5133.078464         0.999442 
     5133.088464         0.998033 
     5133.098463         0.993086 
     5133.108463         0.994092 
     5133.118463         0.991952 
     5133.128463         0.981838 
     5133.138463         0.976148 
     5133.148462         0.977739 
     5133.158462         0.982591 
     5133.168462         0.978437 
     5133.178462         0.975806 
     5133.188462         0.980045 
     5133.198461         0.980478 
     5133.208461         0.981212 
     5133.218461         0.984905 
     5133.228461         0.987009 
     5133.238461         0.988653 
     5133.248460         0.988486 
     5133.258460         0.980955 
     5133.268460         0.980488 
     5133.278460         0.988820 
     5133.288460         0.984753 
     5133.298459         0.979039 
     5133.308459         0.978441 
     5133.318459         0.977609 
     5133.328459         0.975214 
     5133.338459         0.973496 
     5133.348458         0.976278 
     5133.358458         0.973549 
     5133.368458         0.963485 
     5133.378458         0.956440 
     5133.388458         0.949736 
     5133.398457         0.941110 
     5133.408457         0.930780 
     5133.418457         0.919164 
     5133.428457         0.906868 
     5133.438457         0.894099 
     5133.448456         0.884146 
     5133.458456         0.874842 
     5133.468456         0.860304 
     5133.478456         0.852089 
     5133.488456         0.850275 
     5133.498455         0.844658 
     5133.508455         0.839164 
     5133.518455         0.835139 
     5133.528455         0.830103 
     5133.538455         0.817217 
     5133.548454         0.798313 
     5133.558454         0.779994 
     5133.568454         0.757922 
     5133.578454         0.728897 
     5133.588454         0.692091 
     5133.598453         0.656367 
     5133.608453         0.619409 
     5133.618453         0.572375 
     5133.628453         0.518320 
     5133.638453         0.461982 
     5133.648452         0.408815 
     5133.658452         0.359223 
     5133.668452         0.313882 
     5133.678452         0.275089 
     5133.688452         0.249920 
     5133.698451         0.240541 
     5133.708451         0.247176 
     5133.718451         0.270408 
     5133.728451         0.306778 
     5133.738451         0.352122 
     5133.748450         0.409795 
     5133.758450         0.470956 
     5133.768450         0.525301 
     5133.778450         0.578674 
     5133.788450         0.627112 
     5133.798449         0.665605 
     5133.808449         0.700427 
     5133.818449         0.733110 
     5133.828449         0.763209 
     5133.838449         0.791020 
     5133.848449         0.815076 
     5133.858448         0.834374 
     5133.868448         0.853901 
     5133.878448         0.874266 
     5133.888448         0.893237 
     5133.898448         0.903790 
     5133.908447         0.911993 
     5133.918447         0.923347 
     5133.928447         0.933978 
     5133.938447         0.942513 
     5133.948447         0.948823 
     5133.958446         0.954474 
     5133.968446         0.959316 
     5133.978446         0.961680 
     5133.988446         0.960394 
     5133.998446         0.959472 
     5134.008445         0.963261 
     5134.018445         0.972556 
     5134.028445         0.977696 
     5134.038445         0.975564 
     5134.048445         0.975481 
     5134.058444         0.980096 
     5134.068444         0.985711 
     5134.078444         0.980517 
     5134.088444         0.980937 
     5134.098444         0.990465 
     5134.108443         0.991329 
     5134.118443         0.987316 
     5134.128443         0.983018 
     5134.138443         0.980453 
     5134.148443         0.973535 
     5134.158442         0.964979 
     5134.168442         0.966161 
     5134.178442         0.965609 
     5134.188442         0.960871 
     5134.198442         0.959530 
     5134.208441         0.955776 
     5134.218441         0.951706 
     5134.228441         0.955432 
     5134.238441         0.955894 
     5134.248441         0.951675 
     5134.258440         0.948436 
     5134.268440         0.946953 
     5134.278440         0.945330 
     5134.288440         0.941163 
     5134.298440         0.937219 
     5134.308439         0.935342 
     5134.318439         0.936012 
     5134.328439         0.938832 
     5134.338439         0.940132 
     5134.348439         0.938241 
     5134.358438         0.944278 
     5134.368438         0.953696 
     5134.378438         0.956575 
     5134.388438         0.957986 
     5134.398438         0.962144 
     5134.408437         0.968275 
     5134.418437         0.960527 
     5134.428437         0.949083 
     5134.438437         0.945236 
     5134.448437         0.935990 
     5134.458436         0.928051 
     5134.468436         0.925612 
     5134.478436         0.910187 
     5134.488436         0.898711 
     5134.498436         0.902307 
     5134.508435         0.894599 
     5134.518435         0.887595 
     5134.528435         0.890872 
     5134.538435         0.890012 
     5134.548435         0.885598 
     5134.558434         0.882557 
     5134.568434         0.885830 
     5134.578434         0.890888 
     5134.588434         0.893273 
     5134.598434         0.891212 
     5134.608433         0.889195 
     5134.618433         0.893350 
     5134.628433         0.908266 
     5134.638433         0.911353 
     5134.648433         0.901276 
     5134.658432         0.902811 
     5134.668432         0.910175 
     5134.678432         0.917102 
     5134.688432         0.921518 
     5134.698432         0.933444 
     5134.708431         0.948555 
     5134.718431         0.952346 
     5134.728431         0.962152 
     5134.738431         0.976250 
     5134.748431         0.979418 
     5134.758431         0.979655 
     5134.768430         0.981747 
     5134.778430         0.986360 
     5134.788430         0.992967 
     5134.798430         0.996178 
     5134.808430         0.991810 
     5134.818429         0.996399 
     5134.828429         1.002008 
     5134.838429         0.996431 
     5134.848429         1.002751 
     5134.858429         1.005487 
     5134.868428         0.989393 
     5134.878428         0.990818 
     5134.888428         0.997822 
     5134.898428         0.993859 
     5134.908428         0.996693 
     5134.918427         1.003391 
     5134.928427         1.005003 
     5134.938427         0.997206 
     5134.948427         0.996049 
     5134.958427         1.006839 
     5134.968426         1.002953 
     5134.978426         0.997825 
     5134.988426         0.999885 
     5134.998426         0.996946 
     5135.008426         0.997047 
     5135.018425         1.001556 
     5135.028425         0.996464 
     5135.038425         0.987293 
     5135.048425         0.980041 
     5135.058425         0.976939 
     5135.068424         0.979452 
     5135.078424         0.982966 
     5135.088424         0.978496 
     5135.098424         0.970910 
     5135.108424         0.967500 
     5135.118423         0.972844 
     5135.128423         0.967383 
     5135.138423         0.956926 
     5135.148423         0.960329 
     5135.158423         0.958693 
     5135.168422         0.952937 
     5135.178422         0.954852 
     5135.188422         0.959112 
     5135.198422         0.961171 
     5135.208422         0.960162 
     5135.218421         0.969663 
     5135.228421         0.982675 
     5135.238421         0.988333 
     5135.248421         0.993388 
     5135.258421         0.996589 
     5135.268420         0.996220 
     5135.278420         0.998099 
     5135.288420         1.001345 
     5135.298420         1.002838 
     5135.308420         1.002649 
     5135.318419         1.003525 
     5135.328419         1.005818 
     5135.338419         1.003794 
     5135.348419         1.000422 
     5135.358419         0.999526 
     5135.368418         1.001827 
     5135.378418         1.000899 
     5135.388418         0.997123 
     5135.398418         1.002322 
     5135.408418         1.006884 
     5135.418417         1.003928 
     5135.428417         0.994868 
     5135.438417         0.994037 
     5135.448417         0.998679 
     5135.458417         0.993831 
     5135.468416         0.995432 
     5135.478416         0.997590 
     5135.488416         0.982925 
     5135.498416         0.974997 
     5135.508416         0.971620 
     5135.518415         0.958331 
     5135.528415         0.943674 
     5135.538415         0.931191 
     5135.548415         0.920984 
     5135.558415         0.909786 
     5135.568414         0.898936 
     5135.578414         0.891698 
     5135.588414         0.891594 
     5135.598414         0.894107 
     5135.608414         0.895913 
     5135.618413         0.900474 
     5135.628413         0.909634 
     5135.638413         0.920895 
     5135.648413         0.924275 
     5135.658413         0.924752 
     5135.668413         0.926319 
