     5519.440821         0.976634 
     5519.450821         0.979355 
     5519.460821         0.975437 
     5519.470821         0.966526 
     5519.480820         0.958662 
     5519.490820         0.954635 
     5519.500820         0.941951 
     5519.510820         0.925971 
     5519.520820         0.912855 
     5519.530819         0.893491 
     5519.540819         0.875823 
     5519.550819         0.862819 
     5519.560819         0.846426 
     5519.570819         0.834299 
     5519.580818         0.831208 
     5519.590818         0.835681 
     5519.600818         0.842438 
     5519.610818         0.851401 
     5519.620818         0.869318 
     5519.630817         0.890078 
     5519.640817         0.910633 
     5519.650817         0.930022 
     5519.660817         0.945672 
     5519.670817         0.954603 
     5519.680816         0.956343 
     5519.690816         0.966811 
     5519.700816         0.978540 
     5519.710816         0.978421 
     5519.720816         0.980754 
     5519.730815         0.982979 
     5519.740815         0.978292 
     5519.750815         0.980062 
     5519.760815         0.985890 
     5519.770815         0.988583 
     5519.780814         0.984907 
     5519.790814         0.980513 
     5519.800814         0.979859 
     5519.810814         0.975947 
     5519.820814         0.974293 
     5519.830813         0.977121 
     5519.840813         0.978153 
     5519.850813         0.980407 
     5519.860813         0.981713 
     5519.870813         0.974793 
     5519.880812         0.979338 
     5519.890812         0.992827 
     5519.900812         0.992137 
     5519.910812         0.988467 
     5519.920812         0.989278 
     5519.930811         0.994855 
     5519.940811         0.990528 
     5519.950811         0.983878 
     5519.960811         0.988927 
     5519.970811         0.990966 
     5519.980811         0.991447 
     5519.990810         0.995053 
     5520.000810         0.991630 
     5520.010810         0.988471 
     5520.020810         0.990300 
     5520.030810         0.993409 
     5520.040809         0.997271 
     5520.050809         1.000456 
     5520.060809         0.997400 
     5520.070809         0.996854 
     5520.080809         1.001979 
     5520.090808         1.003929 
     5520.100808         1.003745 
     5520.110808         1.002515 
     5520.120808         0.999925 
     5520.130808         0.998940 
     5520.140807         0.996689 
     5520.150807         0.987956 
     5520.160807         0.992441 
     5520.170807         1.000547 
     5520.180807         0.992610 
     5520.190806         0.991277 
     5520.200806         0.995477 
     5520.210806         0.995582 
     5520.220806         0.994506 
     5520.230806         0.992328 
     5520.240805         0.991152 
     5520.250805         0.992900 
     5520.260805         0.998535 
     5520.270805         1.003837 
     5520.280805         0.998446 
     5520.290804         0.997895 
     5520.300804         1.006759 
     5520.310804         1.004202 
     5520.320804         1.001448 
     5520.330804         1.004241 
     5520.340803         1.003528 
     5520.350803         1.003017 
     5520.360803         1.003669 
     5520.370803         1.002920 
     5520.380803         1.003486 
     5520.390802         1.003027 
     5520.400802         0.997410 
     5520.410802         0.991173 
     5520.420802         0.984651 
     5520.430802         0.977506 
     5520.440801         0.969301 
     5520.450801         0.961487 
     5520.460801         0.956504 
     5520.470801         0.952432 
     5520.480801         0.947393 
     5520.490800         0.939670 
     5520.500800         0.931522 
     5520.510800         0.936329 
     5520.520800         0.952961 
     5520.530800         0.955974 
     5520.540799         0.963241 
     5520.550799         0.975751 
     5520.560799         0.973609 
     5520.570799         0.977022 
     5520.580799         0.988273 
     5520.590798         0.992851 
     5520.600798         0.992650 
     5520.610798         0.993659 
     5520.620798         1.001372 
     5520.630798         1.003181 
     5520.640797         1.000889 
     5520.650797         0.998758 
     5520.660797         0.994238 
     5520.670797         0.993440 
     5520.680797         0.999052 
     5520.690796         0.996679 
     5520.700796         0.996289 
     5520.710796         1.002309 
     5520.720796         0.997825 
     5520.730796         0.995646 
     5520.740795         1.000644 
     5520.750795         1.001194 
     5520.760795         0.997558 
     5520.770795         0.994859 
     5520.780795         0.999330 
     5520.790794         0.999534 
     5520.800794         0.998128 
     5520.810794         1.003435 
     5520.820794         1.000795 
     5520.830794         0.991715 
     5520.840793         0.985056 
     5520.850793         0.984304 
     5520.860793         0.980968 
     5520.870793         0.968647 
     5520.880793         0.961891 
     5520.890793         0.956429 
     5520.900792         0.946148 
     5520.910792         0.933893 
     5520.920792         0.926313 
     5520.930792         0.926265 
     5520.940792         0.929858 
     5520.950791         0.933845 
     5520.960791         0.938234 
     5520.970791         0.944302 
     5520.980791         0.949421 
     5520.990791         0.954369 
     5521.000790         0.961174 
     5521.010790         0.968327 
     5521.020790         0.974119 
     5521.030790         0.976708 
     5521.040790         0.979160 
     5521.050789         0.979598 
     5521.060789         0.976072 
     5521.070789         0.972516 
     5521.080789         0.965440 
     5521.090789         0.956260 
     5521.100788         0.952929 
     5521.110788         0.945320 
     5521.120788         0.934034 
     5521.130788         0.937453 
     5521.140788         0.943904 
     5521.150787         0.947496 
     5521.160787         0.950815 
     5521.170787         0.957721 
     5521.180787         0.967415 
     5521.190787         0.976101 
     5521.200786         0.979410 
     5521.210786         0.977748 
     5521.220786         0.973769 
     5521.230786         0.970346 
     5521.240786         0.968400 
     5521.250785         0.966076 
     5521.260785         0.955945 
     5521.270785         0.945401 
     5521.280785         0.940251 
     5521.290785         0.939180 
     5521.300784         0.942477 
     5521.310784         0.947674 
     5521.320784         0.951004 
     5521.330784         0.957045 
     5521.340784         0.963175 
     5521.350783         0.964517 
     5521.360783         0.972228 
     5521.370783         0.982160 
     5521.380783         0.984818 
     5521.390783         0.977190 
     5521.400782         0.970289 
     5521.410782         0.972910 
     5521.420782         0.977649 
     5521.430782         0.980530 
     5521.440782         0.981185 
     5521.450781         0.981321 
     5521.460781         0.980608 
     5521.470781         0.980062 
     5521.480781         0.982746 
     5521.490781         0.980858 
     5521.500780         0.976606 
     5521.510780         0.979415 
     5521.520780         0.977101 
     5521.530780         0.968335 
     5521.540780         0.960613 
     5521.550779         0.957678 
     5521.560779         0.954210 
     5521.570779         0.948421 
     5521.580779         0.953628 
     5521.590779         0.962451 
     5521.600778         0.967848 
     5521.610778         0.975730 
     5521.620778         0.982255 
     5521.630778         0.985850 
     5521.640778         0.990763 
     5521.650777         1.000000 
     5521.660777         1.005429 
     5521.670777         0.995033 
     5521.680777         0.992085 
     5521.690777         0.999438 
     5521.700776         1.003843 
     5521.710776         1.000712 
     5521.720776         0.995529 
     5521.730776         0.995599 
     5521.740776         0.996764 
     5521.750775         0.996060 
     5521.760775         0.993195 
     5521.770775         0.994381 
     5521.780775         0.994822 
     5521.790775         0.992619 
     5521.800775         0.998533 
     5521.810774         1.002568 
     5521.820774         0.999281 
     5521.830774         0.992988 
     5521.840774         0.998701 
     5521.850774         1.006073 
     5521.860773         0.996203 
     5521.870773         0.999016 
     5521.880773         1.004960 
     5521.890773         0.998044 
     5521.900773         1.000439 
     5521.910772         1.000775 
     5521.920772         0.993747 
     5521.930772         1.001338 
     5521.940772         1.005758 
     5521.950772         1.000402 
     5521.960771         1.003717 
     5521.970771         1.006275 
     5521.980771         1.003237 
     5521.990771         0.998440 
     5522.000771         1.000123 
     5522.010770         1.005103 
     5522.020770         1.003095 
     5522.030770         1.004080 
     5522.040770         1.002862 
     5522.050770         0.996030 
     5522.060769         0.998319 
     5522.070769         1.002793 
     5522.080769         1.000400 
     5522.090769         0.991838 
     5522.100769         0.988618 
     5522.110768         0.991115 
     5522.120768         0.983691 
     5522.130768         0.984077 
     5522.140768         0.990237 
     5522.150768         0.986628 
     5522.160767         0.982527 
     5522.170767         0.982948 
     5522.180767         0.987834 
     5522.190767         0.987040 
     5522.200767         0.982926 
     5522.210766         0.982166 
     5522.220766         0.986758 
     5522.230766         0.991451 
     5522.240766         0.992121 
     5522.250766         0.989248 
     5522.260765         0.990630 
     5522.270765         0.995367 
     5522.280765         0.995054 
     5522.290765         0.993435 
     5522.300765         0.990951 
     5522.310764         0.985402 
     5522.320764         0.979506 
     5522.330764         0.973457 
     5522.340764         0.963531 
     5522.350764         0.943989 
     5522.360763         0.919432 
     5522.370763         0.895249 
     5522.380763         0.867294 
     5522.390763         0.829890 
     5522.400763         0.786801 
     5522.410762         0.750258 
     5522.420762         0.708583 
     5522.430762         0.668965 
     5522.440762         0.651968 
     5522.450762         0.652607 
     5522.460761         0.662780 
     5522.470761         0.678839 
     5522.480761         0.713233 
     5522.490761         0.759178 
     5522.500761         0.803585 
     5522.510760         0.845713 
     5522.520760         0.883900 
     5522.530760         0.915181 
     5522.540760         0.936775 
     5522.550760         0.952157 
     5522.560759         0.965779 
     5522.570759         0.980450 
     5522.580759         0.986650 
     5522.590759         0.987743 
     5522.600759         0.992686 
     5522.610758         0.996051 
     5522.620758         0.995026 
     5522.630758         0.991060 
     5522.640758         0.992142 
     5522.650758         0.993814 
     5522.660757         0.992952 
     5522.670757         0.992439 
     5522.680757         0.993108 
     5522.690757         0.993776 
     5522.700757         0.993459 
     5522.710757         0.995318 
     5522.720756         0.997020 
     5522.730756         0.996282 
     5522.740756         0.999523 
     5522.750756         1.002661 
     5522.760756         1.001664 
     5522.770755         1.002688 
     5522.780755         1.001403 
     5522.790755         0.996814 
     5522.800755         0.997300 
     5522.810755         0.999035 
     5522.820754         0.999349 
     5522.830754         1.002629 
     5522.840754         1.000267 
     5522.850754         0.997759 
     5522.860754         1.004566 
     5522.870753         1.006123 
     5522.880753         1.001660 
     5522.890753         0.998663 
     5522.900753         0.999509 
     5522.910753         1.000670 
     5522.920752         1.000361 
     5522.930752         1.002961 
     5522.940752         1.004044 
     5522.950752         1.002715 
     5522.960752         1.005427 
     5522.970751         1.003548 
     5522.980751         0.997873 
     5522.990751         0.997330 
     5523.000751         1.003938 
     5523.010751         1.005658 
     5523.020750         0.997838 
     5523.030750         1.003299 
     5523.040750         1.007364 
     5523.050750         1.000653 
     5523.060750         0.998722 
     5523.070749         0.999161 
     5523.080749         0.998609 
     5523.090749         0.999926 
     5523.100749         1.002891 
     5523.110749         1.002654 
     5523.120748         0.993609 
     5523.130748         0.990311 
     5523.140748         0.991378 
     5523.150748         0.988583 
     5523.160748         0.979965 
     5523.170747         0.972066 
     5523.180747         0.970286 
     5523.190747         0.967921 
     5523.200747         0.967109 
     5523.210747         0.965391 
     5523.220746         0.959384 
     5523.230746         0.951865 
     5523.240746         0.949079 
     5523.250746         0.953560 
     5523.260746         0.951011 
     5523.270745         0.946710 
     5523.280745         0.948800 
     5523.290745         0.952721 
     5523.300745         0.950231 
     5523.310745         0.944188 
     5523.320744         0.951384 
     5523.330744         0.954781 
     5523.340744         0.951988 
     5523.350744         0.957549 
     5523.360744         0.959991 
     5523.370743         0.961708 
     5523.380743         0.970107 
     5523.390743         0.976763 
     5523.400743         0.983389 
     5523.410743         0.992282 
     5523.420742         0.996522 
     5523.430742         0.996443 
     5523.440742         0.995232 
     5523.450742         0.996222 
     5523.460742         0.994076 
     5523.470741         0.991275 
     5523.480741         0.995744 
     5523.490741         0.993968 
     5523.500741         0.990019 
     5523.510741         0.993912 
     5523.520740         0.989503 
     5523.530740         0.983118 
     5523.540740         0.983435 
     5523.550740         0.988329 
     5523.560740         0.986769 
     5523.570739         0.978340 
     5523.580739         0.977957 
     5523.590739         0.983788 
     5523.600739         0.986854 
     5523.610739         0.979652 
     5523.620739         0.981146 
     5523.630738         0.987287 
     5523.640738         0.987657 
     5523.650738         0.988792 
     5523.660738         0.991660 
     5523.670738         0.994030 
     5523.680737         0.994301 
     5523.690737         0.995766 
     5523.700737         0.997314 
     5523.710737         0.992263 
     5523.720737         0.988448 
     5523.730736         0.989174 
     5523.740736         0.993268 
     5523.750736         0.994610 
     5523.760736         0.988540 
     5523.770736         0.980691 
     5523.780735         0.989472 
     5523.790735         0.994312 
     5523.800735         0.986543 
     5523.810735         0.985498 
     5523.820735         0.984313 
     5523.830734         0.981825 
     5523.840734         0.982678 
     5523.850734         0.981746 
     5523.860734         0.981742 
     5523.870734         0.983841 
     5523.880733         0.976855 
     5523.890733         0.970132 
     5523.900733         0.969155 
     5523.910733         0.967004 
     5523.920733         0.962020 
     5523.930732         0.953574 
     5523.940732         0.940854 
     5523.950732         0.934325 
     5523.960732         0.931941 
     5523.970732         0.925440 
     5523.980731         0.920656 
     5523.990731         0.921888 
     5524.000731         0.929915 
     5524.010731         0.937982 
     5524.020731         0.945914 
     5524.030730         0.952066 
     5524.040730         0.955731 
     5524.050730         0.963574 
     5524.060730         0.973544 
     5524.070730         0.978709 
     5524.080729         0.981509 
     5524.090729         0.983827 
     5524.100729         0.984733 
     5524.110729         0.983896 
     5524.120729         0.988198 
     5524.130728         0.995256 
     5524.140728         0.986940 
     5524.150728         0.985412 
     5524.160728         0.993082 
     5524.170728         0.992910 
     5524.180727         0.985234 
     5524.190727         0.978271 
     5524.200727         0.979043 
     5524.210727         0.984276 
     5524.220727         0.983043 
     5524.230726         0.970985 
     5524.240726         0.964692 
     5524.250726         0.965899 
     5524.260726         0.970501 
     5524.270726         0.971810 
     5524.280725         0.976934 
     5524.290725         0.985594 
     5524.300725         0.994574 
     5524.310725         0.993921 
     5524.320725         0.993176 
     5524.330724         1.000493 
     5524.340724         1.005272 
     5524.350724         1.002527 
     5524.360724         0.997050 
     5524.370724         1.001135 
     5524.380723         1.004144 
     5524.390723         1.002767 
     5524.400723         1.000140 
     5524.410723         0.998417 
     5524.420723         0.997996 
     5524.430722         0.995468 
     5524.440722         0.987231 
     5524.450722         0.985937 
     5524.460722         0.991184 
     5524.470722         0.988046 
     5524.480721         0.987587 
     5524.490721         0.990707 
     5524.500721         0.990824 
     5524.510721         0.994219 
     5524.520721         0.997993 
     5524.530721         0.997571 
     5524.540720         0.996859 
     5524.550720         0.996696 
     5524.560720         0.994994 
     5524.570720         0.992932 
     5524.580720         0.991387 
     5524.590719         0.992651 
     5524.600719         0.997491 
     5524.610719         1.001379 
     5524.620719         1.001108 
     5524.630719         0.996974 
     5524.640718         0.994540 
     5524.650718         0.998462 
     5524.660718         1.006579 
     5524.670718         1.005645 
     5524.680718         1.004815 
     5524.690717         1.004456 
     5524.700717         0.998957 
     5524.710717         0.999027 
     5524.720717         0.999953 
     5524.730717         0.992968 
     5524.740716         0.985503 
     5524.750716         0.984572 
     5524.760716         0.989643 
     5524.770716         0.990018 
     5524.780716         0.991030 
     5524.790715         0.993471 
     5524.800715         0.995158 
     5524.810715         0.995336 
     5524.820715         0.995742 
     5524.830715         0.998780 
     5524.840714         1.004225 
     5524.850714         1.007510 
     5524.860714         1.003864 
     5524.870714         0.997096 
     5524.880714         0.998720 
     5524.890713         1.004243 
     5524.900713         0.997632 
     5524.910713         0.994208 
     5524.920713         0.993590 
     5524.930713         0.989027 
     5524.940712         0.984557 
     5524.950712         0.981252 
     5524.960712         0.979563 
     5524.970712         0.976796 
     5524.980712         0.972889 
     5524.990711         0.970837 
     5525.000711         0.975572 
     5525.010711         0.974818 
     5525.020711         0.968967 
     5525.030711         0.962949 
     5525.040710         0.961117 
     5525.050710         0.961711 
     5525.060710         0.958877 
     5525.070710         0.945639 
     5525.080710         0.930582 
     5525.090709         0.919453 
     5525.100709         0.912844 
     5525.110709         0.909514 
     5525.120709         0.910896 
     5525.130709         0.917004 
     5525.140708         0.920388 
     5525.150708         0.923868 
     5525.160708         0.932139 
     5525.170708         0.946486 
     5525.180708         0.958060 
     5525.190707         0.966822 
     5525.200707         0.979147 
     5525.210707         0.983374 
     5525.220707         0.989827 
     5525.230707         1.003922 
     5525.240706         0.997578 
     5525.250706         0.991559 
     5525.260706         0.998597 
     5525.270706         1.007933 
     5525.280706         1.007059 
     5525.290705         0.998441 
     5525.300705         0.996199 
     5525.310705         1.002680 
     5525.320705         1.005926 
     5525.330705         0.999377 
     5525.340704         0.997748 
     5525.350704         0.996860 
     5525.360704         0.993905 
     5525.370704         0.993588 
     5525.380704         0.990146 
     5525.390703         0.985566 
     5525.400703         0.983378 
     5525.410703         0.978598 
     5525.420703         0.972653 
     5525.430703         0.964330 
     5525.440703         0.946147 
