     6081.109711         1.003726 
     6081.119711         1.000859 
     6081.129711         1.003115 
     6081.139710         1.005508 
     6081.149710         1.000779 
     6081.159710         0.999355 
     6081.169710         1.000770 
     6081.179710         0.996180 
     6081.189709         0.995196 
     6081.199709         0.997632 
     6081.209709         0.997281 
     6081.219709         0.995831 
     6081.229709         0.995254 
     6081.239708         0.997496 
     6081.249708         1.000350 
     6081.259708         1.001509 
     6081.269708         0.998126 
     6081.279708         0.999891 
     6081.289707         1.001350 
     6081.299707         0.996069 
     6081.309707         0.996635 
     6081.319707         1.000816 
     6081.329707         0.998395 
     6081.339706         0.991222 
     6081.349706         0.986635 
     6081.359706         0.988788 
     6081.369706         0.981296 
     6081.379706         0.963572 
     6081.389705         0.943344 
     6081.399705         0.934156 
     6081.409705         0.928576 
     6081.419705         0.917485 
     6081.429705         0.903831 
     6081.439704         0.898609 
     6081.449704         0.905748 
     6081.459704         0.904761 
     6081.469704         0.906111 
     6081.479704         0.918333 
     6081.489703         0.925389 
     6081.499703         0.935556 
     6081.509703         0.951300 
     6081.519703         0.958659 
     6081.529703         0.966770 
     6081.539702         0.980923 
     6081.549702         0.990471 
     6081.559702         0.995134 
     6081.569702         0.996730 
     6081.579702         0.999176 
     6081.589701         0.999821 
     6081.599701         0.998670 
     6081.609701         1.002486 
     6081.619701         1.000329 
     6081.629701         0.993197 
     6081.639700         0.992436 
     6081.649700         0.990661 
     6081.659700         0.988101 
     6081.669700         0.990043 
     6081.679700         0.987471 
     6081.689699         0.981674 
     6081.699699         0.980940 
     6081.709699         0.984928 
     6081.719699         0.987919 
     6081.729699         0.983080 
     6081.739698         0.978386 
     6081.749698         0.977931 
     6081.759698         0.982094 
     6081.769698         0.984248 
     6081.779698         0.985187 
     6081.789697         0.986441 
     6081.799697         0.987660 
     6081.809697         0.989867 
     6081.819697         0.993916 
     6081.829697         0.995170 
     6081.839697         0.992557 
     6081.849696         0.987725 
     6081.859696         0.986237 
     6081.869696         0.989751 
     6081.879696         0.995904 
     6081.889696         0.996643 
     6081.899695         0.994331 
     6081.909695         0.995721 
     6081.919695         1.000006 
     6081.929695         1.001610 
     6081.939695         0.997699 
     6081.949694         0.997250 
     6081.959694         0.999330 
     6081.969694         1.001236 
     6081.979694         1.002363 
     6081.989694         1.004337 
     6081.999693         1.007505 
     6082.009693         1.010345 
     6082.019693         1.007881 
     6082.029693         1.003140 
     6082.039693         1.005284 
     6082.049692         1.005947 
     6082.059692         1.002518 
     6082.069692         0.997971 
     6082.079692         0.995024 
     6082.089692         0.995857 
     6082.099691         1.000629 
     6082.109691         1.003056 
     6082.119691         1.002637 
     6082.129691         1.004809 
     6082.139691         1.005199 
     6082.149690         1.004133 
     6082.159690         1.003545 
     6082.169690         1.001436 
     6082.179690         0.999382 
     6082.189690         0.999492 
     6082.199689         0.998357 
     6082.209689         0.996952 
     6082.219689         0.997493 
     6082.229689         0.999704 
     6082.239689         1.001952 
     6082.249688         1.001336 
     6082.259688         0.991477 
     6082.269688         0.984752 
     6082.279688         0.989411 
     6082.289688         0.987162 
     6082.299687         0.980789 
     6082.309687         0.974363 
     6082.319687         0.974017 
     6082.329687         0.971156 
     6082.339687         0.964107 
     6082.349686         0.958875 
     6082.359686         0.960309 
     6082.369686         0.965715 
     6082.379686         0.963475 
     6082.389686         0.955513 
     6082.399685         0.949817 
     6082.409685         0.952573 
     6082.419685         0.955206 
     6082.429685         0.954068 
     6082.439685         0.950573 
     6082.449684         0.951358 
     6082.459684         0.954361 
     6082.469684         0.953443 
     6082.479684         0.953964 
     6082.489684         0.957098 
     6082.499683         0.961102 
     6082.509683         0.964485 
     6082.519683         0.969058 
     6082.529683         0.975997 
     6082.539683         0.978920 
     6082.549682         0.978133 
     6082.559682         0.978133 
     6082.569682         0.980069 
     6082.579682         0.980624 
     6082.589682         0.979295 
     6082.599681         0.982418 
     6082.609681         0.975199 
     6082.619681         0.952259 
     6082.629681         0.939932 
     6082.639681         0.923653 
     6082.649680         0.893960 
     6082.659680         0.857745 
     6082.669680         0.819768 
     6082.679680         0.785120 
     6082.689680         0.763775 
     6082.699679         0.744669 
     6082.709679         0.727135 
     6082.719679         0.723254 
     6082.729679         0.731287 
     6082.739679         0.750746 
     6082.749679         0.783494 
     6082.759678         0.818273 
     6082.769678         0.850858 
     6082.779678         0.880673 
     6082.789678         0.903700 
     6082.799678         0.924899 
     6082.809677         0.951252 
     6082.819677         0.968621 
     6082.829677         0.976326 
     6082.839677         0.981849 
     6082.849677         0.992341 
     6082.859676         0.998211 
     6082.869676         0.994282 
     6082.879676         0.996668 
     6082.889676         0.998482 
     6082.899676         0.995170 
     6082.909675         0.998941 
     6082.919675         1.003519 
     6082.929675         1.005415 
     6082.939675         1.002271 
     6082.949675         1.002971 
     6082.959674         1.005444 
     6082.969674         0.999526 
     6082.979674         0.997560 
     6082.989674         1.001405 
     6082.999674         0.999690 
     6083.009673         0.997911 
     6083.019673         1.000459 
     6083.029673         1.005968 
     6083.039673         1.006088 
     6083.049673         1.004203 
     6083.059672         1.008590 
     6083.069672         1.002800 
     6083.079672         0.994148 
     6083.089672         0.995264 
     6083.099672         1.002164 
     6083.109671         1.004624 
     6083.119671         0.997500 
     6083.129671         1.003090 
     6083.139671         1.008560 
     6083.149671         1.005437 
     6083.159670         1.005080 
     6083.169670         1.004620 
     6083.179670         1.000370 
     6083.189670         0.999142 
     6083.199670         0.995949 
     6083.209669         0.993624 
     6083.219669         1.001445 
     6083.229669         1.004589 
     6083.239669         1.000099 
     6083.249669         0.996176 
     6083.259668         0.995817 
     6083.269668         0.997734 
     6083.279668         0.998427 
     6083.289668         0.999689 
     6083.299668         1.000445 
     6083.309667         0.997575 
     6083.319667         0.997215 
     6083.329667         0.998227 
     6083.339667         0.996968 
     6083.349667         0.991077 
     6083.359666         0.990946 
     6083.369666         1.000620 
     6083.379666         1.007238 
     6083.389666         1.004040 
     6083.399666         0.995565 
     6083.409665         0.997254 
     6083.419665         0.997796 
     6083.429665         0.995085 
     6083.439665         0.999632 
     6083.449665         1.000488 
     6083.459664         0.995101 
     6083.469664         0.991347 
     6083.479664         0.990400 
     6083.489664         0.992853 
     6083.499664         0.998678 
     6083.509663         0.997229 
     6083.519663         0.993225 
     6083.529663         0.995868 
     6083.539663         0.992104 
     6083.549663         0.989758 
     6083.559662         0.997293 
     6083.569662         0.991851 
     6083.579662         0.987003 
     6083.589662         0.995900 
     6083.599662         0.992963 
     6083.609661         0.986522 
     6083.619661         0.986433 
     6083.629661         0.990157 
     6083.639661         0.984922 
     6083.649661         0.974912 
     6083.659661         0.980882 
     6083.669660         0.986875 
     6083.679660         0.985965 
     6083.689660         0.983903 
     6083.699660         0.985334 
     6083.709660         0.987516 
     6083.719659         0.983797 
     6083.729659         0.985424 
     6083.739659         0.991454 
     6083.749659         0.996188 
     6083.759659         0.988202 
     6083.769658         0.981204 
     6083.779658         0.988865 
     6083.789658         0.992525 
     6083.799658         0.993473 
     6083.809658         0.994693 
     6083.819657         0.990249 
     6083.829657         0.990438 
     6083.839657         0.998130 
     6083.849657         0.996377 
     6083.859657         0.990608 
     6083.869656         0.988056 
     6083.879656         0.992194 
     6083.889656         0.992881 
     6083.899656         0.990876 
     6083.909656         0.996226 
     6083.919655         0.995197 
     6083.929655         0.990684 
     6083.939655         0.994395 
     6083.949655         0.994699 
     6083.959655         0.995542 
     6083.969654         1.000879 
     6083.979654         0.996838 
     6083.989654         0.987580 
     6083.999654         0.983795 
     6084.009654         0.982356 
     6084.019653         0.970535 
     6084.029653         0.949147 
     6084.039653         0.943716 
     6084.049653         0.929257 
     6084.059653         0.899197 
     6084.069652         0.879372 
     6084.079652         0.867120 
     6084.089652         0.855413 
     6084.099652         0.842449 
     6084.109652         0.841742 
     6084.119651         0.849881 
     6084.129651         0.856206 
     6084.139651         0.869141 
     6084.149651         0.888241 
     6084.159651         0.905171 
     6084.169650         0.915298 
     6084.179650         0.928418 
     6084.189650         0.948359 
     6084.199650         0.960980 
     6084.209650         0.968283 
     6084.219649         0.974056 
     6084.229649         0.976514 
     6084.239649         0.981134 
     6084.249649         0.989518 
     6084.259649         0.993529 
     6084.269648         0.998283 
     6084.279648         1.001123 
     6084.289648         0.996868 
     6084.299648         0.995849 
     6084.309648         0.997899 
     6084.319647         0.998926 
     6084.329647         1.002048 
     6084.339647         1.006767 
     6084.349647         1.008550 
     6084.359647         1.001974 
     6084.369646         0.996580 
     6084.379646         0.998526 
     6084.389646         0.997606 
     6084.399646         0.994816 
     6084.409646         0.993840 
     6084.419645         0.995234 
     6084.429645         0.994343 
     6084.439645         0.991550 
     6084.449645         0.993543 
     6084.459645         0.999171 
     6084.469644         1.001843 
     6084.479644         0.994898 
     6084.489644         0.993375 
     6084.499644         0.997995 
     6084.509644         1.002554 
     6084.519643         0.999845 
     6084.529643         0.997678 
     6084.539643         1.002221 
     6084.549643         0.993973 
     6084.559643         0.988297 
     6084.569643         0.994898 
     6084.579642         1.000744 
     6084.589642         0.999786 
     6084.599642         0.995119 
     6084.609642         0.997184 
     6084.619642         0.999136 
     6084.629641         0.998870 
     6084.639641         0.999256 
     6084.649641         0.994195 
     6084.659641         0.989800 
     6084.669641         0.995805 
     6084.679640         1.000627 
     6084.689640         1.001751 
     6084.699640         0.999327 
     6084.709640         0.992064 
     6084.719640         0.991003 
     6084.729639         0.998722 
     6084.739639         0.994111 
     6084.749639         0.992053 
     6084.759639         0.998886 
     6084.769639         0.998253 
     6084.779638         0.992973 
     6084.789638         0.988129 
     6084.799638         0.988795 
     6084.809638         0.994221 
     6084.819638         0.999457 
     6084.829637         0.999313 
     6084.839637         0.995851 
     6084.849637         0.994349 
     6084.859637         0.995750 
     6084.869637         0.995957 
     6084.879636         0.995654 
     6084.889636         0.994919 
     6084.899636         0.997784 
     6084.909636         0.995374 
     6084.919636         0.990447 
     6084.929635         0.997146 
     6084.939635         0.995131 
     6084.949635         0.985891 
     6084.959635         0.992595 
     6084.969635         0.994529 
     6084.979634         0.992916 
     6084.989634         1.000404 
     6084.999634         1.001747 
     6085.009634         0.999136 
     6085.019634         1.001335 
     6085.029633         0.999462 
     6085.039633         0.997416 
     6085.049633         0.997985 
     6085.059633         0.997853 
     6085.069633         0.994289 
     6085.079632         0.990464 
     6085.089632         0.993288 
     6085.099632         0.992233 
     6085.109632         0.986367 
     6085.119632         0.984383 
     6085.129631         0.972762 
     6085.139631         0.958077 
     6085.149631         0.953502 
     6085.159631         0.938644 
     6085.169631         0.911759 
     6085.179630         0.878772 
     6085.189630         0.847029 
     6085.199630         0.815646 
     6085.209630         0.783459 
     6085.219630         0.750617 
     6085.229629         0.717188 
     6085.239629         0.689409 
     6085.249629         0.680859 
     6085.259629         0.680460 
     6085.269629         0.687507 
     6085.279628         0.711261 
     6085.289628         0.745470 
     6085.299628         0.780098 
     6085.309628         0.808747 
     6085.319628         0.843311 
     6085.329627         0.878095 
     6085.339627         0.905922 
     6085.349627         0.929153 
     6085.359627         0.946215 
     6085.369627         0.958115 
     6085.379626         0.966484 
     6085.389626         0.980382 
     6085.399626         0.992628 
     6085.409626         0.988264 
     6085.419626         0.989415 
     6085.429625         0.998536 
     6085.439625         1.006097 
     6085.449625         1.007735 
     6085.459625         1.003907 
     6085.469625         0.997323 
     6085.479625         0.999097 
     6085.489624         1.001410 
     6085.499624         0.998096 
     6085.509624         0.999944 
     6085.519624         1.002357 
     6085.529624         1.002913 
     6085.539623         0.999872 
     6085.549623         1.002207 
     6085.559623         1.006143 
     6085.569623         1.001454 
     6085.579623         1.000831 
     6085.589622         1.002510 
     6085.599622         1.001014 
     6085.609622         1.005078 
     6085.619622         1.008167 
     6085.629622         1.003300 
     6085.639621         0.999944 
     6085.649621         1.000557 
     6085.659621         1.003194 
     6085.669621         1.004225 
     6085.679621         0.998924 
     6085.689620         0.993334 
     6085.699620         0.999393 
     6085.709620         1.004316 
     6085.719620         1.004429 
     6085.729620         1.002309 
     6085.739619         1.003424 
     6085.749619         1.004832 
     6085.759619         1.002499 
     6085.769619         0.999139 
     6085.779619         0.998390 
     6085.789618         0.999673 
     6085.799618         0.999386 
     6085.809618         0.998158 
     6085.819618         0.998407 
     6085.829618         1.004260 
     6085.839617         1.005024 
     6085.849617         1.001865 
     6085.859617         1.001558 
     6085.869617         1.001286 
     6085.879617         1.002201 
     6085.889616         1.005371 
     6085.899616         1.004314 
     6085.909616         1.001044 
     6085.919616         0.996843 
     6085.929616         0.995016 
     6085.939615         0.997894 
     6085.949615         1.001938 
     6085.959615         1.001579 
     6085.969615         1.003437 
     6085.979615         1.004478 
     6085.989614         1.002221 
     6085.999614         1.004345 
     6086.009614         1.005320 
     6086.019614         0.999027 
     6086.029614         0.998771 
     6086.039613         1.001807 
     6086.049613         1.002742 
     6086.059613         1.000664 
     6086.069613         0.997906 
     6086.079613         0.996782 
     6086.089612         0.998422 
     6086.099612         0.995180 
     6086.109612         0.991559 
     6086.119612         0.993863 
     6086.129612         0.993626 
     6086.139611         0.987186 
     6086.149611         0.976184 
     6086.159611         0.969596 
     6086.169611         0.959758 
     6086.179611         0.942908 
     6086.189610         0.928053 
     6086.199610         0.910059 
     6086.209610         0.882906 
     6086.219610         0.849940 
     6086.229610         0.815232 
     6086.239609         0.784767 
     6086.249609         0.761358 
     6086.259609         0.729645 
     6086.269609         0.704458 
     6086.279609         0.697923 
     6086.289608         0.696363 
     6086.299608         0.704844 
     6086.309608         0.723999 
     6086.319608         0.748694 
     6086.329608         0.782248 
     6086.339607         0.816695 
     6086.349607         0.843111 
     6086.359607         0.875829 
     6086.369607         0.906542 
     6086.379607         0.922641 
     6086.389607         0.940843 
     6086.399606         0.957690 
     6086.409606         0.968327 
     6086.419606         0.972865 
     6086.429606         0.978221 
     6086.439606         0.986728 
     6086.449605         0.991101 
     6086.459605         0.994256 
     6086.469605         0.996743 
     6086.479605         0.997133 
     6086.489605         1.004006 
     6086.499604         1.007778 
     6086.509604         1.000190 
     6086.519604         0.998990 
     6086.529604         1.000514 
     6086.539604         1.000608 
     6086.549603         1.001471 
     6086.559603         1.000581 
     6086.569603         0.998087 
     6086.579603         0.995965 
     6086.589603         0.999250 
     6086.599602         0.999186 
     6086.609602         0.989883 
     6086.619602         0.991318 
     6086.629602         0.993119 
     6086.639602         0.984724 
     6086.649601         0.977600 
     6086.659601         0.977841 
     6086.669601         0.982383 
     6086.679601         0.981186 
     6086.689601         0.975447 
     6086.699600         0.973562 
     6086.709600         0.983612 
     6086.719600         0.987413 
     6086.729600         0.987360 
     6086.739600         0.990358 
     6086.749599         0.987462 
     6086.759599         0.988939 
     6086.769599         0.996786 
     6086.779599         0.995969 
     6086.789599         0.994585 
     6086.799598         0.997239 
     6086.809598         1.001156 
     6086.819598         1.001724 
     6086.829598         1.000585 
     6086.839598         1.002048 
     6086.849597         0.995132 
     6086.859597         0.994110 
     6086.869597         1.003959 
     6086.879597         0.997999 
     6086.889597         0.994678 
     6086.899596         0.999298 
     6086.909596         0.995733 
     6086.919596         0.995311 
     6086.929596         0.996597 
     6086.939596         0.992339 
     6086.949595         0.992000 
     6086.959595         0.994397 
     6086.969595         0.995335 
     6086.979595         0.999377 
     6086.989595         0.998155 
     6086.999594         0.992249 
     6087.009594         0.998393 
     6087.019594         0.998644 
     6087.029594         0.993621 
     6087.039594         0.997722 
     6087.049593         1.000884 
     6087.059593         1.000364 
     6087.069593         0.997810 
     6087.079593         0.999678 
     6087.089593         1.003038 
     6087.099592         1.002804 
     6087.109592         1.000483 
