     5988.371545         0.997824 
     5988.381545         0.999257 
     5988.391545         0.999288 
     5988.401545         0.997040 
     5988.411545         0.993039 
     5988.421544         0.992660 
     5988.431544         0.994509 
     5988.441544         0.990018 
     5988.451544         0.983684 
     5988.461544         0.983304 
     5988.471543         0.983185 
     5988.481543         0.979081 
     5988.491543         0.973522 
     5988.501543         0.968456 
     5988.511543         0.966996 
     5988.521542         0.967768 
     5988.531542         0.967661 
     5988.541542         0.965113 
     5988.551542         0.960900 
     5988.561542         0.961701 
     5988.571541         0.966858 
     5988.581541         0.967970 
     5988.591541         0.967094 
     5988.601541         0.968957 
     5988.611541         0.972859 
     5988.621540         0.977564 
     5988.631540         0.978827 
     5988.641540         0.977521 
     5988.651540         0.977875 
     5988.661540         0.980108 
     5988.671539         0.982845 
     5988.681539         0.983926 
     5988.691539         0.981622 
     5988.701539         0.977414 
     5988.711539         0.973686 
     5988.721538         0.974600 
     5988.731538         0.977281 
     5988.741538         0.977632 
     5988.751538         0.972971 
     5988.761538         0.964621 
     5988.771537         0.963618 
     5988.781537         0.968599 
     5988.791537         0.970524 
     5988.801537         0.970074 
     5988.811537         0.969513 
     5988.821536         0.973701 
     5988.831536         0.981608 
     5988.841536         0.981033 
     5988.851536         0.975922 
     5988.861536         0.978579 
     5988.871535         0.981964 
     5988.881535         0.979139 
     5988.891535         0.976682 
     5988.901535         0.977130 
     5988.911535         0.974999 
     5988.921534         0.971895 
     5988.931534         0.973171 
     5988.941534         0.974480 
     5988.951534         0.972962 
     5988.961534         0.973761 
     5988.971534         0.978228 
     5988.981533         0.982701 
     5988.991533         0.986634 
     5989.001533         0.990244 
     5989.011533         0.992441 
     5989.021533         0.992664 
     5989.031532         0.992362 
     5989.041532         0.992538 
     5989.051532         0.992599 
     5989.061532         0.992295 
     5989.071532         0.990172 
     5989.081531         0.990225 
     5989.091531         0.994223 
     5989.101531         0.996921 
     5989.111531         0.997355 
     5989.121531         0.997378 
     5989.131530         0.997444 
     5989.141530         0.997625 
     5989.151530         0.998419 
     5989.161530         0.999620 
     5989.171530         1.001432 
     5989.181529         1.002041 
     5989.191529         0.997891 
     5989.201529         0.995720 
     5989.211529         1.000995 
     5989.221529         1.004526 
     5989.231528         1.002292 
     5989.241528         0.999103 
     5989.251528         0.997168 
     5989.261528         0.998164 
     5989.271528         1.000989 
     5989.281527         1.004107 
     5989.291527         1.003907 
     5989.301527         0.999938 
     5989.311527         0.996486 
     5989.321527         0.995656 
     5989.331526         0.998268 
     5989.341526         1.000582 
     5989.351526         0.998494 
     5989.361526         0.994471 
     5989.371526         0.990460 
     5989.381525         0.992538 
     5989.391525         0.996773 
     5989.401525         0.995646 
     5989.411525         0.996345 
     5989.421525         1.003192 
     5989.431524         1.004242 
     5989.441524         0.998636 
     5989.451524         0.995623 
     5989.461524         0.995165 
     5989.471524         0.995037 
     5989.481523         0.996694 
     5989.491523         0.999574 
     5989.501523         1.000373 
     5989.511523         0.998453 
     5989.521523         0.995631 
     5989.531522         0.995194 
     5989.541522         1.000257 
     5989.551522         1.003371 
     5989.561522         1.001222 
     5989.571522         0.999094 
     5989.581521         0.998012 
     5989.591521         0.995523 
     5989.601521         0.992324 
     5989.611521         0.989168 
     5989.621521         0.986478 
     5989.631520         0.984400 
     5989.641520         0.980861 
     5989.651520         0.977079 
     5989.661520         0.975807 
     5989.671520         0.977877 
     5989.681519         0.983068 
     5989.691519         0.987282 
     5989.701519         0.988845 
     5989.711519         0.987481 
     5989.721519         0.986533 
     5989.731518         0.991043 
     5989.741518         0.995522 
     5989.751518         0.997045 
     5989.761518         1.001182 
     5989.771518         1.006639 
     5989.781517         1.000601 
     5989.791517         0.992878 
     5989.801517         0.998249 
     5989.811517         1.004428 
     5989.821517         1.004212 
     5989.831516         1.001178 
     5989.841516         0.999528 
     5989.851516         1.005575 
     5989.861516         1.010668 
     5989.871516         1.005966 
     5989.881516         1.002620 
     5989.891515         1.005534 
     5989.901515         1.009045 
     5989.911515         1.010876 
     5989.921515         1.009596 
     5989.931515         1.006669 
     5989.941514         1.003677 
     5989.951514         1.001544 
     5989.961514         1.000045 
     5989.971514         0.998068 
     5989.981514         0.997586 
     5989.991513         1.001909 
     5990.001513         1.004157 
     5990.011513         1.000529 
     5990.021513         0.998819 
     5990.031513         1.001104 
     5990.041512         1.001072 
     5990.051512         1.000531 
     5990.061512         1.002570 
     5990.071512         1.003225 
     5990.081512         1.000709 
     5990.091511         0.999838 
     5990.101511         1.001396 
     5990.111511         1.003272 
     5990.121511         1.003757 
     5990.131511         1.002086 
     5990.141510         0.998725 
     5990.151510         0.995919 
     5990.161510         1.000087 
     5990.171510         1.007434 
     5990.181510         1.006923 
     5990.191509         1.003471 
     5990.201509         1.001615 
     5990.211509         0.999151 
     5990.221509         0.995951 
     5990.231509         0.995318 
     5990.241508         0.996493 
     5990.251508         0.997983 
     5990.261508         0.999498 
     5990.271508         1.002391 
     5990.281508         1.005504 
     5990.291507         1.007645 
     5990.301507         1.004463 
     5990.311507         0.999772 
     5990.321507         0.999220 
     5990.331507         1.000425 
     5990.341506         1.001447 
     5990.351506         1.000881 
     5990.361506         0.999194 
     5990.371506         0.998840 
     5990.381506         1.000824 
     5990.391505         1.005293 
     5990.401505         1.004512 
     5990.411505         0.998464 
     5990.421505         1.001248 
     5990.431505         1.007072 
     5990.441504         1.000205 
     5990.451504         0.995055 
     5990.461504         1.001812 
     5990.471504         1.003724 
     5990.481504         0.996749 
     5990.491503         0.990377 
     5990.501503         0.989598 
     5990.511503         0.997910 
     5990.521503         1.002296 
     5990.531503         0.996379 
     5990.541502         0.993417 
     5990.551502         0.995627 
     5990.561502         0.998202 
     5990.571502         1.000001 
     5990.581502         1.001364 
     5990.591501         1.002832 
     5990.601501         1.003795 
     5990.611501         0.999074 
     5990.621501         0.994034 
     5990.631501         0.999397 
     5990.641500         1.003670 
     5990.651500         0.996540 
     5990.661500         0.991972 
     5990.671500         0.994202 
     5990.681500         0.996769 
     5990.691499         0.996260 
     5990.701499         0.990575 
     5990.711499         0.987390 
     5990.721499         0.990898 
     5990.731499         0.995258 
     5990.741498         0.997591 
     5990.751498         0.995610 
     5990.761498         0.991956 
     5990.771498         0.988888 
     5990.781498         0.989396 
     5990.791498         0.993612 
     5990.801497         0.996013 
     5990.811497         0.995945 
     5990.821497         0.995651 
     5990.831497         0.995302 
     5990.841497         0.995256 
     5990.851496         0.995532 
     5990.861496         0.995825 
     5990.871496         0.995367 
     5990.881496         0.994125 
     5990.891496         0.993313 
     5990.901495         0.992830 
     5990.911495         0.992873 
     5990.921495         0.992970 
     5990.931495         0.992600 
     5990.941495         0.989708 
     5990.951494         0.987372 
     5990.961494         0.988589 
     5990.971494         0.989464 
     5990.981494         0.988324 
     5990.991494         0.986884 
     5991.001493         0.986683 
     5991.011493         0.987950 
     5991.021493         0.989220 
     5991.031493         0.989714 
     5991.041493         0.991205 
     5991.051492         0.993896 
     5991.061492         0.996430 
     5991.071492         0.998199 
     5991.081492         0.999015 
     5991.091492         0.999967 
     5991.101491         1.001223 
     5991.111491         0.998650 
     5991.121491         0.994034 
     5991.131491         0.994789 
     5991.141491         0.996523 
     5991.151490         0.994782 
     5991.161490         0.990969 
     5991.171490         0.986602 
     5991.181490         0.983217 
     5991.191490         0.977536 
     5991.201489         0.964208 
     5991.211489         0.955806 
     5991.221489         0.960331 
     5991.231489         0.960303 
     5991.241489         0.952182 
     5991.251488         0.946122 
     5991.261488         0.942227 
     5991.271488         0.939761 
     5991.281488         0.934946 
     5991.291488         0.924765 
     5991.301487         0.908845 
     5991.311487         0.887853 
     5991.321487         0.864080 
     5991.331487         0.839961 
     5991.341487         0.817554 
     5991.351486         0.795814 
     5991.361486         0.776351 
     5991.371486         0.769767 
     5991.381486         0.774354 
     5991.391486         0.785933 
     5991.401485         0.803648 
     5991.411485         0.826467 
     5991.421485         0.848606 
     5991.431485         0.869883 
     5991.441485         0.894486 
     5991.451484         0.917226 
     5991.461484         0.933263 
     5991.471484         0.949769 
     5991.481484         0.969130 
     5991.491484         0.981832 
     5991.501483         0.988701 
     5991.511483         0.992998 
     5991.521483         0.995128 
     5991.531483         0.996135 
     5991.541483         0.998690 
     5991.551482         1.002877 
     5991.561482         1.002020 
     5991.571482         0.998316 
     5991.581482         0.995498 
     5991.591482         0.995686 
     5991.601481         0.998704 
     5991.611481         1.001207 
     5991.621481         1.002948 
     5991.631481         1.004754 
     5991.641481         1.005646 
     5991.651480         1.004436 
     5991.661480         1.002404 
     5991.671480         0.999827 
     5991.681480         0.996438 
     5991.691480         0.992887 
     5991.701480         0.989389 
     5991.711479         0.986518 
     5991.721479         0.984278 
     5991.731479         0.981049 
     5991.741479         0.977332 
     5991.751479         0.975185 
     5991.761478         0.970783 
     5991.771478         0.962491 
     5991.781478         0.957789 
     5991.791478         0.957936 
     5991.801478         0.954203 
     5991.811477         0.948909 
     5991.821477         0.948658 
     5991.831477         0.952050 
     5991.841477         0.955780 
     5991.851477         0.953904 
     5991.861476         0.947844 
     5991.871476         0.946278 
     5991.881476         0.948463 
     5991.891476         0.951192 
     5991.901476         0.950042 
     5991.911475         0.944821 
     5991.921475         0.945500 
     5991.931475         0.950889 
     5991.941475         0.953963 
     5991.951475         0.954507 
     5991.961474         0.953412 
     5991.971474         0.953265 
     5991.981474         0.956287 
     5991.991474         0.963829 
     5992.001474         0.971656 
     5992.011473         0.973778 
     5992.021473         0.974190 
     5992.031473         0.975650 
     5992.041473         0.982797 
     5992.051473         0.992118 
     5992.061472         0.994238 
     5992.071472         0.995830 
     5992.081472         1.002142 
     5992.091472         1.002172 
     5992.101472         0.996225 
     5992.111471         0.998428 
     5992.121471         1.002452 
     5992.131471         0.997729 
     5992.141471         0.996236 
     5992.151471         1.003534 
     5992.161470         1.002831 
     5992.171470         0.995764 
     5992.181470         0.995187 
     5992.191470         0.997884 
     5992.201470         0.998698 
     5992.211469         0.996692 
     5992.221469         0.994438 
     5992.231469         0.999252 
     5992.241469         1.004346 
     5992.251469         0.998254 
     5992.261468         0.994603 
     5992.271468         1.000091 
     5992.281468         1.001256 
     5992.291468         0.997248 
     5992.301468         0.995605 
     5992.311467         0.995855 
     5992.321467         0.997507 
     5992.331467         0.995311 
     5992.341467         0.989047 
     5992.351467         0.981955 
     5992.361466         0.976066 
     5992.371466         0.972989 
     5992.381466         0.971290 
     5992.391466         0.970824 
     5992.401466         0.974828 
     5992.411465         0.981815 
     5992.421465         0.985662 
     5992.431465         0.989080 
     5992.441465         0.994629 
     5992.451465         0.997764 
     5992.461464         0.997593 
     5992.471464         1.000601 
     5992.481464         1.003561 
     5992.491464         1.001031 
     5992.501464         0.998375 
     5992.511463         0.999112 
     5992.521463         0.999473 
     5992.531463         0.999244 
     5992.541463         0.999610 
     5992.551463         0.998858 
     5992.561462         0.996484 
     5992.571462         0.998180 
     5992.581462         1.003576 
     5992.591462         1.003464 
     5992.601462         0.998845 
     5992.611462         0.995217 
     5992.621461         0.995479 
     5992.631461         0.999793 
     5992.641461         1.001725 
     5992.651461         1.000701 
     5992.661461         1.000052 
     5992.671460         0.998899 
     5992.681460         0.997253 
     5992.691460         0.996470 
     5992.701460         0.997299 
     5992.711460         0.997511 
     5992.721459         0.997883 
     5992.731459         0.999243 
     5992.741459         1.000948 
     5992.751459         1.001798 
     5992.761459         1.001526 
     5992.771458         1.000968 
     5992.781458         1.001285 
     5992.791458         1.001290 
     5992.801458         0.999408 
     5992.811458         1.000173 
     5992.821457         1.004475 
     5992.831457         1.006748 
     5992.841457         1.004819 
     5992.851457         0.998028 
     5992.861457         0.995003 
     5992.871456         0.999512 
     5992.881456         1.002867 
     5992.891456         1.002633 
     5992.901456         1.000885 
     5992.911456         1.000211 
     5992.921455         1.002133 
     5992.931455         1.003054 
     5992.941455         1.001943 
     5992.951455         1.002231 
     5992.961455         0.999911 
     5992.971454         0.991451 
     5992.981454         0.988678 
     5992.991454         0.995213 
     5993.001454         0.994261 
     5993.011454         0.988166 
     5993.021453         0.987572 
     5993.031453         0.991775 
     5993.041453         0.997365 
     5993.051453         1.000112 
     5993.061453         1.000154 
     5993.071452         1.001382 
     5993.081452         1.002007 
     5993.091452         0.999340 
     5993.101452         0.998159 
     5993.111452         1.000333 
     5993.121451         1.002592 
     5993.131451         1.003168 
     5993.141451         1.001696 
     5993.151451         1.001103 
     5993.161451         1.003256 
     5993.171450         1.003232 
     5993.181450         1.001561 
     5993.191450         1.001326 
     5993.201450         1.001322 
     5993.211450         0.998620 
     5993.221449         0.996092 
     5993.231449         0.995769 
     5993.241449         0.999238 
     5993.251449         1.002743 
     5993.261449         0.999390 
     5993.271448         0.995927 
     5993.281448         0.997350 
     5993.291448         1.000276 
     5993.301448         1.003440 
     5993.311448         1.005639 
     5993.321447         1.006295 
     5993.331447         1.004524 
     5993.341447         1.002316 
     5993.351447         1.000394 
     5993.361447         0.997064 
     5993.371446         0.994993 
     5993.381446         0.997350 
     5993.391446         0.999198 
     5993.401446         0.998058 
     5993.411446         0.993784 
     5993.421445         0.988979 
     5993.431445         0.987841 
     5993.441445         0.989186 
     5993.451445         0.991493 
     5993.461445         0.993738 
     5993.471444         0.996493 
     5993.481444         0.999563 
     5993.491444         1.000988 
     5993.501444         0.998100 
     5993.511444         0.995616 
     5993.521444         0.996261 
     5993.531443         1.002828 
     5993.541443         1.008974 
     5993.551443         1.004834 
     5993.561443         0.998884 
     5993.571443         0.998075 
     5993.581442         1.001040 
     5993.591442         1.005679 
     5993.601442         1.007194 
     5993.611442         1.006150 
     5993.621442         1.003824 
     5993.631441         1.003544 
     5993.641441         1.005005 
     5993.651441         1.001945 
     5993.661441         0.999279 
     5993.671441         1.004540 
     5993.681440         1.006290 
     5993.691440         1.000202 
     5993.701440         0.999115 
     5993.711440         1.001402 
     5993.721440         0.998142 
     5993.731439         0.996054 
     5993.741439         0.999670 
     5993.751439         1.000661 
     5993.761439         0.996884 
     5993.771439         0.994238 
     5993.781438         0.994695 
     5993.791438         0.998628 
     5993.801438         0.999523 
     5993.811438         0.995695 
     5993.821438         0.995198 
     5993.831437         0.997467 
     5993.841437         0.999325 
     5993.851437         1.000993 
     5993.861437         1.002538 
     5993.871437         1.001164 
     5993.881436         0.998377 
     5993.891436         0.998002 
     5993.901436         0.998860 
     5993.911436         0.998099 
     5993.921436         0.994515 
     5993.931435         0.989792 
     5993.941435         0.990261 
     5993.951435         0.994059 
     5993.961435         0.997146 
     5993.971435         0.997464 
     5993.981434         0.994508 
     5993.991434         0.990549 
     5994.001434         0.989252 
     5994.011434         0.994222 
     5994.021434         0.997774 
     5994.031433         0.994065 
     5994.041433         0.992990 
     5994.051433         0.995364 
     5994.061433         0.994648 
     5994.071433         0.992784 
     5994.081432         0.991925 
     5994.091432         0.996415 
     5994.101432         1.004108 
     5994.111432         1.003779 
     5994.121432         0.999415 
     5994.131431         0.997598 
     5994.141431         0.997364 
     5994.151431         0.997698 
     5994.161431         0.998857 
     5994.171431         1.000673 
     5994.181430         1.002979 
     5994.191430         1.004262 
     5994.201430         1.003962 
     5994.211430         1.004295 
     5994.221430         1.004638 
     5994.231429         1.002254 
     5994.241429         1.000174 
     5994.251429         1.002046 
     5994.261429         0.998833 
     5994.271429         0.990812 
     5994.281428         0.993491 
     5994.291428         0.999939 
     5994.301428         0.999539 
     5994.311428         0.998336 
     5994.321428         0.999175 
     5994.331427         0.998177 
     5994.341427         0.995866 
     5994.351427         0.995708 
     5994.361427         0.996869 
     5994.371427         0.998273 
