     4520.390583         0.978605 
     4520.400583         0.975645 
     4520.410583         0.975689 
     4520.420583         0.979076 
     4520.430582         0.973191 
     4520.440582         0.962805 
     4520.450582         0.962822 
     4520.460582         0.966732 
     4520.470582         0.951615 
     4520.480581         0.939687 
     4520.490581         0.935538 
     4520.500581         0.929198 
     4520.510581         0.921406 
     4520.520581         0.916319 
     4520.530580         0.917635 
     4520.540580         0.922544 
     4520.550580         0.935319 
     4520.560580         0.949445 
     4520.570580         0.955135 
     4520.580579         0.963733 
     4520.590579         0.971194 
     4520.600579         0.974635 
     4520.610579         0.976066 
     4520.620579         0.987418 
     4520.630578         0.985163 
     4520.640578         0.979781 
     4520.650578         0.987683 
     4520.660578         0.996879 
     4520.670578         0.995009 
     4520.680577         0.991822 
     4520.690577         0.995837 
     4520.700577         1.001338 
     4520.710577         1.003069 
     4520.720577         0.993882 
     4520.730576         0.988937 
     4520.740576         0.980225 
     4520.750576         0.977424 
     4520.760576         0.976948 
     4520.770576         0.968588 
     4520.780575         0.982158 
     4520.790575         0.987767 
     4520.800575         0.974957 
     4520.810575         0.974552 
     4520.820575         0.977189 
     4520.830574         0.980540 
     4520.840574         0.981363 
     4520.850574         0.979848 
     4520.860574         0.986054 
     4520.870574         0.984404 
     4520.880573         0.988554 
     4520.890573         0.988695 
     4520.900573         0.985299 
     4520.910573         0.986597 
     4520.920573         0.987631 
     4520.930572         0.988857 
     4520.940572         0.988718 
     4520.950572         0.986933 
     4520.960572         0.984822 
     4520.970572         0.984788 
     4520.980572         0.988131 
     4520.990571         0.989522 
     4521.000571         0.987155 
     4521.010571         0.984450 
     4521.020571         0.987509 
     4521.030571         0.989919 
     4521.040570         0.981219 
     4521.050570         0.978570 
     4521.060570         0.970375 
     4521.070570         0.954158 
     4521.080570         0.934973 
     4521.090569         0.909016 
     4521.100569         0.895423 
     4521.110569         0.885880 
     4521.120569         0.874501 
     4521.130569         0.877240 
     4521.140568         0.883984 
     4521.150568         0.892701 
     4521.160568         0.912980 
     4521.170568         0.930909 
     4521.180568         0.943808 
     4521.190567         0.959580 
     4521.200567         0.974083 
     4521.210567         0.980167 
     4521.220567         0.982856 
     4521.230567         0.989999 
     4521.240566         0.990478 
     4521.250566         0.992764 
     4521.260566         0.996036 
     4521.270566         0.990769 
     4521.280566         0.993925 
     4521.290565         0.998088 
     4521.300565         0.998504 
     4521.310565         0.992169 
     4521.320565         0.988454 
     4521.330565         0.993068 
     4521.340564         0.998436 
     4521.350564         1.002808 
     4521.360564         0.995369 
     4521.370564         0.999201 
     4521.380564         1.002185 
     4521.390563         0.997365 
     4521.400563         0.999014 
     4521.410563         1.005010 
     4521.420563         0.997294 
     4521.430563         0.986186 
     4521.440562         0.996724 
     4521.450562         1.003021 
     4521.460562         1.001758 
     4521.470562         1.004428 
     4521.480562         1.002692 
     4521.490561         1.000811 
     4521.500561         1.006355 
     4521.510561         1.008759 
     4521.520561         0.997473 
     4521.530561         1.000738 
     4521.540560         1.007225 
     4521.550560         1.004078 
     4521.560560         0.999845 
     4521.570560         1.000942 
     4521.580560         1.013094 
     4521.590559         1.002523 
     4521.600559         0.997513 
     4521.610559         1.002124 
     4521.620559         0.998131 
     4521.630559         0.991764 
     4521.640558         0.993080 
     4521.650558         0.988836 
     4521.660558         0.985454 
     4521.670558         0.992240 
     4521.680558         0.990618 
     4521.690557         0.988402 
     4521.700557         0.990755 
     4521.710557         0.994253 
     4521.720557         0.992046 
     4521.730557         0.987170 
     4521.740556         0.987872 
     4521.750556         0.983041 
     4521.760556         0.984467 
     4521.770556         0.983581 
     4521.780556         0.978685 
     4521.790555         0.977986 
     4521.800555         0.973548 
     4521.810555         0.971055 
     4521.820555         0.973949 
     4521.830555         0.970903 
     4521.840554         0.969434 
     4521.850554         0.964097 
     4521.860554         0.954548 
     4521.870554         0.963291 
     4521.880554         0.970346 
     4521.890554         0.970575 
     4521.900553         0.972722 
     4521.910553         0.983920 
     4521.920553         0.991291 
     4521.930553         0.985433 
     4521.940553         0.977221 
     4521.950552         0.984896 
     4521.960552         0.983876 
     4521.970552         0.982267 
     4521.980552         0.982498 
     4521.990552         0.975491 
     4522.000551         0.965220 
     4522.010551         0.963494 
     4522.020551         0.965343 
     4522.030551         0.957459 
     4522.040551         0.960278 
     4522.050550         0.964139 
     4522.060550         0.964280 
     4522.070550         0.961867 
     4522.080550         0.964352 
     4522.090550         0.968801 
     4522.100549         0.966474 
     4522.110549         0.967617 
     4522.120549         0.967333 
     4522.130549         0.974453 
     4522.140549         0.981390 
     4522.150548         0.986077 
     4522.160548         0.987411 
     4522.170548         0.990674 
     4522.180548         0.992594 
     4522.190548         0.998497 
     4522.200547         1.003803 
     4522.210547         1.000940 
     4522.220547         0.993982 
     4522.230547         0.995898 
     4522.240547         1.000212 
     4522.250546         1.005244 
     4522.260546         1.000387 
     4522.270546         0.989408 
     4522.280546         0.984889 
     4522.290546         0.984205 
     4522.300545         0.978416 
     4522.310545         0.956021 
     4522.320545         0.940899 
     4522.330545         0.930042 
     4522.340545         0.906266 
     4522.350544         0.896453 
     4522.360544         0.889060 
     4522.370544         0.887356 
     4522.380544         0.898142 
     4522.390544         0.901012 
     4522.400543         0.908923 
     4522.410543         0.921477 
     4522.420543         0.925560 
     4522.430543         0.928790 
     4522.440543         0.928963 
     4522.450542         0.918558 
     4522.460542         0.892291 
     4522.470542         0.857547 
     4522.480542         0.815761 
     4522.490542         0.771020 
     4522.500541         0.724047 
     4522.510541         0.683148 
     4522.520541         0.651784 
     4522.530541         0.625174 
     4522.540541         0.602733 
     4522.550540         0.586348 
     4522.560540         0.558833 
     4522.570540         0.520942 
     4522.580540         0.482792 
     4522.590540         0.430065 
     4522.600539         0.375156 
     4522.610539         0.329531 
     4522.620539         0.293141 
     4522.630539         0.275612 
     4522.640539         0.280984 
     4522.650538         0.311832 
     4522.660538         0.365543 
     4522.670538         0.426579 
     4522.680538         0.502996 
     4522.690538         0.585861 
     4522.700537         0.647550 
     4522.710537         0.689166 
     4522.720537         0.703107 
     4522.730537         0.692523 
     4522.740537         0.666920 
     4522.750536         0.606794 
     4522.760536         0.536112 
     4522.770536         0.469597 
     4522.780536         0.403112 
     4522.790536         0.352827 
     4522.800536         0.330918 
     4522.810535         0.343894 
     4522.820535         0.392582 
     4522.830535         0.464334 
     4522.840535         0.555310 
     4522.850535         0.645031 
     4522.860534         0.722900 
     4522.870534         0.794020 
     4522.880534         0.857829 
     4522.890534         0.900582 
     4522.900534         0.920235 
     4522.910533         0.948883 
     4522.920533         0.965017 
     4522.930533         0.970951 
     4522.940533         0.984868 
     4522.950533         0.981167 
     4522.960532         0.978306 
     4522.970532         0.980853 
     4522.980532         0.977026 
     4522.990532         0.970941 
     4523.000532         0.953686 
     4523.010531         0.935133 
     4523.020531         0.927952 
     4523.030531         0.917211 
     4523.040531         0.892403 
     4523.050531         0.867786 
     4523.060530         0.861388 
     4523.070530         0.846403 
     4523.080530         0.847768 
     4523.090530         0.866015 
     4523.100530         0.880694 
     4523.110529         0.903183 
     4523.120529         0.926948 
     4523.130529         0.942322 
     4523.140529         0.954386 
     4523.150529         0.968948 
     4523.160528         0.973270 
     4523.170528         0.974460 
     4523.180528         0.984635 
     4523.190528         0.990646 
     4523.200528         0.990046 
     4523.210527         0.988130 
     4523.220527         0.987698 
     4523.230527         0.992528 
     4523.240527         0.990566 
     4523.250527         0.985400 
     4523.260526         0.988612 
     4523.270526         0.989354 
     4523.280526         0.984867 
     4523.290526         0.973460 
     4523.300526         0.956159 
     4523.310525         0.951083 
     4523.320525         0.932439 
     4523.330525         0.897800 
     4523.340525         0.860311 
     4523.350525         0.807925 
     4523.360524         0.745842 
     4523.370524         0.682094 
     4523.380524         0.627682 
     4523.390524         0.583503 
     4523.400524         0.569709 
     4523.410523         0.584123 
     4523.420523         0.619868 
     4523.430523         0.672698 
     4523.440523         0.736219 
     4523.450523         0.796720 
     4523.460522         0.849597 
     4523.470522         0.899720 
     4523.480522         0.926998 
     4523.490522         0.949562 
     4523.500522         0.976987 
     4523.510521         0.989362 
     4523.520521         0.994285 
     4523.530521         0.996883 
     4523.540521         0.996479 
     4523.550521         0.992028 
     4523.560520         0.998594 
     4523.570520         1.004700 
     4523.580520         0.998416 
     4523.590520         0.987332 
     4523.600520         0.990280 
     4523.610519         0.990319 
     4523.620519         0.987100 
     4523.630519         0.998852 
     4523.640519         0.991849 
     4523.650519         0.988590 
     4523.660518         0.988338 
     4523.670518         0.977304 
     4523.680518         0.973453 
     4523.690518         0.973355 
     4523.700518         0.972219 
     4523.710518         0.969547 
     4523.720517         0.967595 
     4523.730517         0.967492 
     4523.740517         0.968043 
     4523.750517         0.970667 
     4523.760517         0.978932 
     4523.770516         0.982754 
     4523.780516         0.981478 
     4523.790516         0.979131 
     4523.800516         0.988001 
     4523.810516         0.997220 
     4523.820515         0.995035 
     4523.830515         0.985969 
     4523.840515         0.984892 
     4523.850515         0.979057 
     4523.860515         0.967925 
     4523.870514         0.956928 
     4523.880514         0.945512 
     4523.890514         0.930768 
     4523.900514         0.914158 
     4523.910514         0.895606 
     4523.920513         0.895419 
     4523.930513         0.899803 
     4523.940513         0.906356 
     4523.950513         0.917188 
     4523.960513         0.932419 
     4523.970512         0.955513 
     4523.980512         0.971370 
     4523.990512         0.972117 
     4524.000512         0.970895 
     4524.010512         0.975313 
     4524.020511         0.974130 
     4524.030511         0.967937 
     4524.040511         0.972465 
     4524.050511         0.968946 
     4524.060511         0.957234 
     4524.070510         0.948959 
     4524.080510         0.952032 
     4524.090510         0.949596 
     4524.100510         0.946473 
     4524.110510         0.943757 
     4524.120509         0.937649 
     4524.130509         0.949046 
     4524.140509         0.954749 
     4524.150509         0.948921 
     4524.160509         0.947911 
     4524.170508         0.947916 
     4524.180508         0.946802 
     4524.190508         0.942844 
     4524.200508         0.937851 
     4524.210508         0.936766 
     4524.220507         0.940691 
     4524.230507         0.946944 
     4524.240507         0.951349 
     4524.250507         0.956359 
     4524.260507         0.964183 
     4524.270506         0.970243 
     4524.280506         0.971783 
     4524.290506         0.981263 
     4524.300506         0.987004 
     4524.310506         0.992470 
     4524.320505         0.998067 
     4524.330505         0.992700 
     4524.340505         0.999005 
     4524.350505         0.998805 
     4524.360505         0.987816 
     4524.370504         1.006307 
     4524.380504         1.006403 
     4524.390504         0.999030 
     4524.400504         1.001900 
     4524.410504         0.999622 
     4524.420503         0.994339 
     4524.430503         0.994603 
     4524.440503         1.001361 
     4524.450503         1.007456 
     4524.460503         1.006034 
     4524.470502         1.001275 
     4524.480502         1.001837 
     4524.490502         1.010079 
     4524.500502         1.007964 
     4524.510502         1.002803 
     4524.520501         0.999835 
     4524.530501         0.998188 
     4524.540501         0.999039 
     4524.550501         0.992307 
     4524.560501         0.988696 
     4524.570500         0.998328 
     4524.580500         0.989009 
     4524.590500         0.977106 
     4524.600500         0.970100 
     4524.610500         0.959704 
     4524.620500         0.937475 
     4524.630499         0.907121 
     4524.640499         0.874144 
     4524.650499         0.838763 
     4524.660499         0.797324 
     4524.670499         0.771719 
     4524.680498         0.759618 
     4524.690498         0.755537 
     4524.700498         0.767734 
     4524.710498         0.795774 
     4524.720498         0.821618 
     4524.730497         0.842190 
     4524.740497         0.872726 
     4524.750497         0.895460 
     4524.760497         0.908735 
     4524.770497         0.919012 
     4524.780496         0.927327 
     4524.790496         0.922414 
     4524.800496         0.920299 
     4524.810496         0.919153 
     4524.820496         0.906344 
     4524.830495         0.905358 
     4524.840495         0.898721 
     4524.850495         0.884164 
     4524.860495         0.872397 
     4524.870495         0.856236 
     4524.880494         0.832280 
     4524.890494         0.794736 
     4524.900494         0.743382 
     4524.910494         0.694056 
     4524.920494         0.657475 
     4524.930493         0.635001 
     4524.940493         0.626118 
     4524.950493         0.635779 
     4524.960493         0.660103 
     4524.970493         0.692369 
     4524.980492         0.724851 
     4524.990492         0.752894 
     4525.000492         0.783387 
     4525.010492         0.801938 
     4525.020492         0.800486 
     4525.030491         0.788102 
     4525.040491         0.771009 
     4525.050491         0.740161 
     4525.060491         0.694515 
     4525.070491         0.641510 
     4525.080490         0.576611 
     4525.090490         0.499103 
     4525.100490         0.422452 
     4525.110490         0.359188 
     4525.120490         0.299993 
     4525.130489         0.258021 
     4525.140489         0.239222 
     4525.150489         0.243150 
     4525.160489         0.272246 
     4525.170489         0.320178 
     4525.180488         0.384812 
     4525.190488         0.459091 
     4525.200488         0.527131 
     4525.210488         0.592561 
     4525.220488         0.644956 
     4525.230487         0.681754 
     4525.240487         0.718675 
     4525.250487         0.759069 
     4525.260487         0.787216 
     4525.270487         0.807951 
     4525.280486         0.840871 
     4525.290486         0.861251 
     4525.300486         0.882286 
     4525.310486         0.901396 
     4525.320486         0.908851 
     4525.330485         0.927770 
     4525.340485         0.940642 
     4525.350485         0.945339 
     4525.360485         0.953620 
     4525.370485         0.965290 
     4525.380484         0.965074 
     4525.390484         0.967258 
     4525.400484         0.982200 
     4525.410484         0.989084 
     4525.420484         0.983604 
     4525.430483         0.981341 
     4525.440483         0.987828 
     4525.450483         0.988082 
     4525.460483         0.986310 
     4525.470483         0.991832 
     4525.480482         0.999035 
     4525.490482         0.994888 
     4525.500482         0.994920 
     4525.510482         0.995176 
     4525.520482         0.994614 
     4525.530482         0.994976 
     4525.540481         0.990286 
     4525.550481         0.994805 
     4525.560481         0.995819 
     4525.570481         0.984546 
     4525.580481         0.991563 
     4525.590480         0.989029 
     4525.600480         0.986634 
     4525.610480         0.993822 
     4525.620480         0.990996 
     4525.630480         0.999691 
     4525.640479         1.001303 
     4525.650479         0.993244 
     4525.660479         1.001419 
     4525.670479         1.001394 
     4525.680479         0.999693 
     4525.690478         1.002761 
     4525.700478         1.005323 
     4525.710478         1.004024 
     4525.720478         1.007189 
     4525.730478         1.009304 
     4525.740477         1.002711 
     4525.750477         0.999943 
     4525.760477         0.997992 
     4525.770477         0.990002 
     4525.780477         0.980111 
     4525.790476         0.982242 
     4525.800476         0.965587 
     4525.810476         0.938157 
     4525.820476         0.911882 
     4525.830476         0.878118 
     4525.840475         0.845580 
     4525.850475         0.816878 
     4525.860475         0.794291 
     4525.870475         0.784640 
     4525.880475         0.800379 
     4525.890474         0.825362 
     4525.900474         0.849016 
     4525.910474         0.876228 
     4525.920474         0.917217 
     4525.930474         0.936434 
     4525.940473         0.944630 
     4525.950473         0.963333 
     4525.960473         0.971353 
     4525.970473         0.974120 
     4525.980473         0.974514 
     4525.990472         0.974330 
     4526.000472         0.976017 
     4526.010472         0.976307 
     4526.020472         0.970929 
     4526.030472         0.959061 
     4526.040471         0.941667 
     4526.050471         0.916947 
     4526.060471         0.887462 
     4526.070471         0.855533 
     4526.080471         0.824013 
     4526.090470         0.804043 
     4526.100470         0.804948 
     4526.110470         0.812131 
     4526.120470         0.820029 
     4526.130470         0.857073 
     4526.140469         0.888020 
     4526.150469         0.913495 
     4526.160469         0.942586 
     4526.170469         0.964205 
     4526.180469         0.970130 
     4526.190468         0.982254 
     4526.200468         0.995148 
     4526.210468         0.984170 
     4526.220468         0.987668 
     4526.230468         0.990880 
     4526.240467         0.986712 
     4526.250467         0.983805 
     4526.260467         0.980902 
     4526.270467         0.975811 
     4526.280467         0.970786 
     4526.290466         0.965728 
     4526.300466         0.952268 
     4526.310466         0.928005 
     4526.320466         0.897560 
     4526.330466         0.860426 
     4526.340465         0.806359 
     4526.350465         0.731016 
     4526.360465         0.649821 
     4526.370465         0.571515 
     4526.380465         0.493932 
     4526.390464         0.424340 
