     5222.526694         0.945256 
     5222.536694         0.950250 
     5222.546694         0.956577 
     5222.556694         0.955720 
     5222.566694         0.952878 
     5222.576693         0.951282 
     5222.586693         0.946964 
     5222.596693         0.937427 
     5222.606693         0.922985 
     5222.616693         0.907754 
     5222.626692         0.891953 
     5222.636692         0.874434 
     5222.646692         0.852110 
     5222.656692         0.833242 
     5222.666692         0.823587 
     5222.676691         0.822088 
     5222.686691         0.829104 
     5222.696691         0.843176 
     5222.706691         0.857900 
     5222.716691         0.873975 
     5222.726690         0.893075 
     5222.736690         0.914640 
     5222.746690         0.933161 
     5222.756690         0.944401 
     5222.766690         0.951792 
     5222.776689         0.962301 
     5222.786689         0.976074 
     5222.796689         0.975742 
     5222.806689         0.972818 
     5222.816689         0.978460 
     5222.826688         0.980570 
     5222.836688         0.982775 
     5222.846688         0.989258 
     5222.856688         0.988287 
     5222.866688         0.987018 
     5222.876687         0.992381 
     5222.886687         0.991893 
     5222.896687         0.988918 
     5222.906687         0.988880 
     5222.916687         0.992996 
     5222.926686         0.996287 
     5222.936686         0.995287 
     5222.946686         0.995730 
     5222.956686         0.995636 
     5222.966686         0.993428 
     5222.976685         0.998997 
     5222.986685         1.005752 
     5222.996685         1.004712 
     5223.006685         1.000307 
     5223.016685         0.997020 
     5223.026684         0.997907 
     5223.036684         0.998435 
     5223.046684         0.999083 
     5223.056684         0.999754 
     5223.066684         0.993773 
     5223.076683         0.984458 
     5223.086683         0.977454 
     5223.096683         0.968279 
     5223.106683         0.954120 
     5223.116683         0.933009 
     5223.126683         0.903232 
     5223.136682         0.867760 
     5223.146682         0.830646 
     5223.156682         0.794577 
     5223.166682         0.763733 
     5223.176682         0.741976 
     5223.186681         0.730572 
     5223.196681         0.737481 
     5223.206681         0.767820 
     5223.216681         0.792359 
     5223.226681         0.817927 
     5223.236680         0.860971 
     5223.246680         0.893555 
     5223.256680         0.915590 
     5223.266680         0.939351 
     5223.276680         0.961021 
     5223.286679         0.977516 
     5223.296679         0.986715 
     5223.306679         0.988082 
     5223.316679         0.989388 
     5223.326679         0.998224 
     5223.336678         0.997987 
     5223.346678         0.995504 
     5223.356678         1.004742 
     5223.366678         1.005650 
     5223.376678         1.000905 
     5223.386677         1.002605 
     5223.396677         0.999945 
     5223.406677         0.994601 
     5223.416677         0.994399 
     5223.426677         0.997681 
     5223.436676         0.999436 
     5223.446676         0.995049 
     5223.456676         0.989560 
     5223.466676         0.984981 
     5223.476676         0.980580 
     5223.486675         0.975005 
     5223.496675         0.966659 
     5223.506675         0.955165 
     5223.516675         0.951677 
     5223.526675         0.950581 
     5223.536674         0.940817 
     5223.546674         0.936714 
     5223.556674         0.936241 
     5223.566674         0.928532 
     5223.576674         0.915657 
     5223.586673         0.902176 
     5223.596673         0.892535 
     5223.606673         0.881675 
     5223.616673         0.874105 
     5223.626673         0.878579 
     5223.636672         0.889227 
     5223.646672         0.899118 
     5223.656672         0.904793 
     5223.666672         0.924317 
     5223.676672         0.948558 
     5223.686671         0.958518 
     5223.696671         0.970292 
     5223.706671         0.982042 
     5223.716671         0.984289 
     5223.726671         0.993925 
     5223.736670         1.004300 
     5223.746670         1.001343 
     5223.756670         1.002089 
     5223.766670         1.004185 
     5223.776670         0.997777 
     5223.786669         0.997565 
     5223.796669         1.001190 
     5223.806669         0.998394 
     5223.816669         0.992129 
     5223.826669         0.987519 
     5223.836668         0.987808 
     5223.846668         0.983064 
     5223.856668         0.976824 
     5223.866668         0.977910 
     5223.876668         0.979002 
     5223.886667         0.980537 
     5223.896667         0.984488 
     5223.906667         0.980498 
     5223.916667         0.978275 
     5223.926667         0.990575 
     5223.936666         0.994030 
     5223.946666         0.992501 
     5223.956666         0.998540 
     5223.966666         1.001717 
     5223.976666         0.997144 
     5223.986665         0.985450 
     5223.996665         0.972785 
     5224.006665         0.963658 
     5224.016665         0.959893 
     5224.026665         0.952402 
     5224.036665         0.939226 
     5224.046664         0.923726 
     5224.056664         0.913963 
     5224.066664         0.910794 
     5224.076664         0.911705 
     5224.086664         0.914792 
     5224.096663         0.921384 
     5224.106663         0.932957 
     5224.116663         0.946185 
     5224.126663         0.953451 
     5224.136663         0.952152 
     5224.146662         0.961164 
     5224.156662         0.971803 
     5224.166662         0.971458 
     5224.176662         0.975121 
     5224.186662         0.979057 
     5224.196661         0.974714 
     5224.206661         0.966739 
     5224.216661         0.951694 
     5224.226661         0.927037 
     5224.236661         0.899829 
     5224.246660         0.864103 
     5224.256660         0.815000 
     5224.266660         0.763947 
     5224.276660         0.718327 
     5224.286660         0.681601 
     5224.296659         0.652486 
     5224.306659         0.638137 
     5224.316659         0.645324 
     5224.326659         0.668460 
     5224.336659         0.702445 
     5224.346658         0.743889 
     5224.356658         0.791527 
     5224.366658         0.839608 
     5224.376658         0.879756 
     5224.386658         0.904634 
     5224.396657         0.926045 
     5224.406657         0.950541 
     5224.416657         0.959460 
     5224.426657         0.960064 
     5224.436657         0.959929 
     5224.446656         0.951464 
     5224.456656         0.942509 
     5224.466656         0.936250 
     5224.476656         0.918216 
     5224.486656         0.893962 
     5224.496655         0.869084 
     5224.506655         0.839727 
     5224.516655         0.815506 
     5224.526655         0.800090 
     5224.536655         0.781426 
     5224.546654         0.773033 
     5224.556654         0.782814 
     5224.566654         0.800834 
     5224.576654         0.824968 
     5224.586654         0.852872 
     5224.596653         0.878002 
     5224.606653         0.901476 
     5224.616653         0.925247 
     5224.626653         0.947646 
     5224.636653         0.962230 
     5224.646652         0.969411 
     5224.656652         0.982373 
     5224.666652         0.991201 
     5224.676652         0.992407 
     5224.686652         0.995052 
     5224.696651         0.995462 
     5224.706651         0.993590 
     5224.716651         0.995361 
     5224.726651         0.999183 
     5224.736651         1.002214 
     5224.746650         0.997472 
     5224.756650         0.996622 
     5224.766650         1.001079 
     5224.776650         1.001270 
     5224.786650         0.997048 
     5224.796649         0.990710 
     5224.806649         0.984965 
     5224.816649         0.976108 
     5224.826649         0.960500 
     5224.836649         0.935275 
     5224.846648         0.909018 
     5224.856648         0.878281 
     5224.866648         0.832536 
     5224.876648         0.784348 
     5224.886648         0.736072 
     5224.896647         0.683053 
     5224.906647         0.632963 
     5224.916647         0.591412 
     5224.926647         0.562441 
     5224.936647         0.551628 
     5224.946647         0.556566 
     5224.956646         0.570863 
     5224.966646         0.590123 
     5224.976646         0.610142 
     5224.986646         0.626341 
     5224.996646         0.640342 
     5225.006645         0.654471 
     5225.016645         0.671250 
     5225.026645         0.691815 
     5225.036645         0.717499 
     5225.046645         0.748702 
     5225.056644         0.781494 
     5225.066644         0.815135 
     5225.076644         0.849012 
     5225.086644         0.874416 
     5225.096644         0.893353 
     5225.106643         0.910526 
     5225.116643         0.929066 
     5225.126643         0.946586 
     5225.136643         0.960315 
     5225.146643         0.968952 
     5225.156642         0.976204 
     5225.166642         0.985078 
     5225.176642         0.992193 
     5225.186642         0.994143 
     5225.196642         0.992041 
     5225.206641         0.994182 
     5225.216641         0.998780 
     5225.226641         1.003167 
     5225.236641         1.008650 
     5225.246641         1.007384 
     5225.256640         0.999634 
     5225.266640         1.003908 
     5225.276640         1.007586 
     5225.286640         1.003671 
     5225.296640         1.005393 
     5225.306639         1.005082 
     5225.316639         1.001439 
     5225.326639         1.007283 
     5225.336639         1.004919 
     5225.346639         0.995436 
     5225.356638         1.007229 
     5225.366638         1.012029 
     5225.376638         1.000495 
     5225.386638         0.992794 
     5225.396638         0.988233 
     5225.406637         0.982648 
     5225.416637         0.970686 
     5225.426637         0.951168 
     5225.436637         0.924311 
     5225.446637         0.890740 
     5225.456636         0.841827 
     5225.466636         0.776014 
     5225.476636         0.699415 
     5225.486636         0.622913 
     5225.496636         0.548125 
     5225.506635         0.473781 
     5225.516635         0.422087 
     5225.526635         0.394057 
     5225.536635         0.381689 
     5225.546635         0.405719 
     5225.556634         0.461904 
     5225.566634         0.531554 
     5225.576634         0.606035 
     5225.586634         0.681952 
     5225.596634         0.756580 
     5225.606633         0.824994 
     5225.616633         0.878067 
     5225.626633         0.912255 
     5225.636633         0.945646 
     5225.646633         0.969007 
     5225.656632         0.973632 
     5225.666632         0.985017 
     5225.676632         0.992657 
     5225.686632         0.985410 
     5225.696632         0.986437 
     5225.706631         0.987021 
     5225.716631         0.978069 
     5225.726631         0.969438 
     5225.736631         0.965634 
     5225.746631         0.963244 
     5225.756630         0.949315 
     5225.766630         0.932148 
     5225.776630         0.917431 
     5225.786630         0.899924 
     5225.796630         0.888776 
     5225.806629         0.887408 
     5225.816629         0.886785 
     5225.826629         0.885757 
     5225.836629         0.888612 
     5225.846629         0.903432 
     5225.856629         0.920506 
     5225.866628         0.933693 
     5225.876628         0.943944 
     5225.886628         0.950735 
     5225.896628         0.955759 
     5225.906628         0.962503 
     5225.916627         0.969242 
     5225.926627         0.972293 
     5225.936627         0.968063 
     5225.946627         0.967550 
     5225.956627         0.970315 
     5225.966626         0.968529 
     5225.976626         0.959425 
     5225.986626         0.949526 
     5225.996626         0.946329 
     5226.006626         0.941867 
     5226.016625         0.934334 
     5226.026625         0.925896 
     5226.036625         0.915584 
     5226.046625         0.906757 
     5226.056625         0.901591 
     5226.066624         0.889562 
     5226.076624         0.885722 
     5226.086624         0.899171 
     5226.096624         0.896084 
     5226.106624         0.892518 
     5226.116623         0.905212 
     5226.126623         0.911024 
     5226.136623         0.910174 
     5226.146623         0.909332 
     5226.156623         0.916353 
     5226.166622         0.921908 
     5226.176622         0.919767 
     5226.186622         0.918318 
     5226.196622         0.918679 
     5226.206622         0.922404 
     5226.216621         0.930449 
     5226.226621         0.934232 
     5226.236621         0.933254 
     5226.246621         0.937989 
     5226.256621         0.939814 
     5226.266620         0.939333 
     5226.276620         0.944882 
     5226.286620         0.949942 
     5226.296620         0.950227 
     5226.306620         0.946926 
     5226.316619         0.949705 
     5226.326619         0.954844 
     5226.336619         0.952043 
     5226.346619         0.952676 
     5226.356619         0.953916 
     5226.366618         0.947275 
     5226.376618         0.942464 
     5226.386618         0.939220 
     5226.396618         0.932556 
     5226.406618         0.920837 
     5226.416617         0.907346 
     5226.426617         0.894475 
     5226.436617         0.875571 
     5226.446617         0.848729 
     5226.456617         0.813224 
     5226.466616         0.767053 
     5226.476616         0.710593 
     5226.486616         0.645715 
     5226.496616         0.573054 
     5226.506616         0.505169 
     5226.516615         0.449474 
     5226.526615         0.402753 
     5226.536615         0.371732 
     5226.546615         0.360016 
     5226.556615         0.363238 
     5226.566614         0.393026 
     5226.576614         0.446853 
     5226.586614         0.504899 
     5226.596614         0.570202 
     5226.606614         0.638467 
     5226.616613         0.695863 
     5226.626613         0.742630 
     5226.636613         0.777865 
     5226.646613         0.799776 
     5226.656613         0.822152 
     5226.666612         0.839516 
     5226.676612         0.838344 
     5226.686612         0.830521 
     5226.696612         0.821668 
     5226.706612         0.812559 
     5226.716611         0.797390 
     5226.726611         0.774317 
     5226.736611         0.744050 
     5226.746611         0.710752 
     5226.756611         0.678001 
     5226.766611         0.645458 
     5226.776610         0.601473 
     5226.786610         0.553825 
     5226.796610         0.507816 
     5226.806610         0.455221 
     5226.816610         0.400998 
     5226.826609         0.351017 
     5226.836609         0.303291 
     5226.846609         0.263413 
     5226.856609         0.234469 
     5226.866609         0.217841 
     5226.876608         0.215044 
     5226.886608         0.226627 
     5226.896608         0.251668 
     5226.906608         0.291215 
     5226.916608         0.339964 
     5226.926607         0.388466 
     5226.936607         0.440527 
     5226.946607         0.494981 
     5226.956607         0.544319 
     5226.966607         0.578182 
     5226.976606         0.603238 
     5226.986606         0.631386 
     5226.996606         0.650804 
     5227.006606         0.657197 
     5227.016606         0.653195 
     5227.026605         0.647068 
     5227.036605         0.636456 
     5227.046605         0.617593 
     5227.056605         0.594585 
     5227.066605         0.566021 
     5227.076604         0.531108 
     5227.086604         0.493007 
     5227.096604         0.450514 
     5227.106604         0.405122 
     5227.116604         0.361621 
     5227.126603         0.318261 
     5227.136603         0.276033 
     5227.146603         0.239721 
     5227.156603         0.212102 
     5227.166603         0.190911 
     5227.176602         0.170286 
     5227.186602         0.160652 
     5227.196602         0.161290 
     5227.206602         0.162557 
     5227.216602         0.174937 
     5227.226601         0.199930 
     5227.236601         0.232751 
     5227.246601         0.276906 
     5227.256601         0.330183 
     5227.266601         0.387819 
     5227.276600         0.444378 
     5227.286600         0.499448 
     5227.296600         0.553247 
     5227.306600         0.602103 
     5227.316600         0.644070 
     5227.326599         0.679847 
     5227.336599         0.711527 
     5227.346599         0.742819 
     5227.356599         0.772748 
     5227.366599         0.793988 
     5227.376598         0.810760 
     5227.386598         0.828248 
     5227.396598         0.846901 
     5227.406598         0.855188 
     5227.416598         0.857249 
     5227.426597         0.872461 
     5227.436597         0.884584 
     5227.446597         0.889185 
     5227.456597         0.894500 
     5227.466597         0.901899 
     5227.476596         0.910508 
     5227.486596         0.917624 
     5227.496596         0.918353 
     5227.506596         0.918126 
     5227.516596         0.924527 
     5227.526595         0.933801 
     5227.536595         0.940749 
     5227.546595         0.942979 
     5227.556595         0.950423 
     5227.566595         0.958692 
     5227.576594         0.962328 
     5227.586594         0.963588 
     5227.596594         0.967608 
     5227.606594         0.973208 
     5227.616594         0.965882 
     5227.626593         0.967999 
     5227.636593         0.981696 
     5227.646593         0.976629 
     5227.656593         0.972109 
     5227.666593         0.973641 
     5227.676593         0.966454 
     5227.686592         0.964107 
     5227.696592         0.964473 
     5227.706592         0.954845 
     5227.716592         0.948832 
     5227.726592         0.951052 
     5227.736591         0.956475 
     5227.746591         0.955305 
     5227.756591         0.957340 
     5227.766591         0.972543 
     5227.776591         0.981650 
     5227.786590         0.986441 
     5227.796590         0.992081 
     5227.806590         0.993437 
     5227.816590         0.996052 
     5227.826590         1.001668 
     5227.836589         0.998608 
     5227.846589         0.995816 
     5227.856589         0.997864 
     5227.866589         0.997020 
     5227.876589         0.992447 
     5227.886588         0.989478 
     5227.896588         0.996319 
     5227.906588         0.999306 
     5227.916588         0.996589 
     5227.926588         0.997400 
     5227.936587         1.003545 
     5227.946587         1.005715 
     5227.956587         0.995102 
     5227.966587         0.996580 
     5227.976587         1.003019 
     5227.986586         0.997294 
     5227.996586         0.989045 
     5228.006586         0.981306 
     5228.016586         0.972356 
     5228.026586         0.959796 
     5228.036585         0.945622 
     5228.046585         0.930073 
     5228.056585         0.908579 
     5228.066585         0.887882 
     5228.076585         0.872429 
     5228.086584         0.861352 
     5228.096584         0.853681 
     5228.106584         0.853690 
     5228.116584         0.869898 
     5228.126584         0.887023 
     5228.136583         0.901721 
     5228.146583         0.920668 
     5228.156583         0.941754 
     5228.166583         0.961349 
     5228.176583         0.975617 
     5228.186582         0.987818 
     5228.196582         0.997074 
     5228.206582         1.000839 
     5228.216582         1.000580 
     5228.226582         0.999324 
     5228.236581         0.999646 
     5228.246581         0.999804 
     5228.256581         0.992651 
     5228.266581         0.976792 
     5228.276581         0.960152 
     5228.286580         0.945577 
     5228.296580         0.924492 
     5228.306580         0.878706 
     5228.316580         0.826308 
     5228.326580         0.773235 
     5228.336579         0.713620 
     5228.346579         0.652992 
     5228.356579         0.598321 
     5228.366579         0.557668 
     5228.376579         0.539939 
     5228.386578         0.544465 
     5228.396578         0.566862 
     5228.406578         0.606353 
     5228.416578         0.660951 
     5228.426578         0.724946 
     5228.436577         0.782430 
     5228.446577         0.833544 
     5228.456577         0.879671 
     5228.466577         0.919330 
     5228.476577         0.950252 
     5228.486576         0.971328 
     5228.496576         0.984098 
     5228.506576         1.002163 
     5228.516576         1.018865 
     5228.526576         1.013502 
