     6110.319133         0.992404 
     6110.329133         0.993327 
     6110.339133         0.992511 
     6110.349133         0.989030 
     6110.359132         0.987687 
     6110.369132         0.989827 
     6110.379132         0.996387 
     6110.389132         1.002933 
     6110.399132         1.000421 
     6110.409131         0.996088 
     6110.419131         0.997037 
     6110.429131         0.997371 
     6110.439131         0.995218 
     6110.449131         0.995498 
     6110.459130         0.997857 
     6110.469130         0.997540 
     6110.479130         0.997201 
     6110.489130         1.000295 
     6110.499130         1.001776 
     6110.509129         1.000020 
     6110.519129         1.000371 
     6110.529129         1.002781 
     6110.539129         1.002581 
     6110.549129         1.001637 
     6110.559128         1.003060 
     6110.569128         1.002544 
     6110.579128         0.998680 
     6110.589128         0.999364 
     6110.599128         1.003554 
     6110.609127         0.999937 
     6110.619127         0.994398 
     6110.629127         0.996438 
     6110.639127         0.999125 
     6110.649127         0.997148 
     6110.659126         0.996779 
     6110.669126         0.999095 
     6110.679126         1.001204 
     6110.689126         1.002202 
     6110.699126         1.002106 
     6110.709125         1.001775 
     6110.719125         1.002499 
     6110.729125         1.001842 
     6110.739125         0.999841 
     6110.749125         1.002838 
     6110.759124         1.006264 
     6110.769124         1.000389 
     6110.779124         0.993753 
     6110.789124         0.994987 
     6110.799124         0.997361 
     6110.809123         0.997867 
     6110.819123         0.998333 
     6110.829123         0.998298 
     6110.839123         0.996321 
     6110.849123         0.997461 
     6110.859122         1.006078 
     6110.869122         1.008167 
     6110.879122         1.000127 
     6110.889122         1.001613 
     6110.899122         1.010330 
     6110.909121         1.007768 
     6110.919121         0.999062 
     6110.929121         0.993618 
     6110.939121         0.989496 
     6110.949121         0.985278 
     6110.959120         0.979679 
     6110.969120         0.970458 
     6110.979120         0.953756 
     6110.989120         0.932770 
     6110.999120         0.912718 
     6111.009120         0.888915 
     6111.019119         0.859237 
     6111.029119         0.834046 
     6111.039119         0.813412 
     6111.049119         0.787364 
     6111.059119         0.764572 
     6111.069118         0.759525 
     6111.079118         0.760376 
     6111.089118         0.759808 
     6111.099118         0.772403 
     6111.109118         0.798233 
     6111.119117         0.819741 
     6111.129117         0.840027 
     6111.139117         0.867657 
     6111.149117         0.895481 
     6111.159117         0.916498 
     6111.169116         0.933666 
     6111.179116         0.948749 
     6111.189116         0.964234 
     6111.199116         0.977360 
     6111.209116         0.982486 
     6111.219115         0.986796 
     6111.229115         0.995722 
     6111.239115         0.999799 
     6111.249115         0.997065 
     6111.259115         0.996559 
     6111.269114         0.998877 
     6111.279114         1.000182 
     6111.289114         1.000635 
     6111.299114         1.000637 
     6111.309114         1.000761 
     6111.319113         1.001067 
     6111.329113         0.999175 
     6111.339113         0.997824 
     6111.349113         1.002222 
     6111.359113         1.006362 
     6111.369112         1.003433 
     6111.379112         0.999988 
     6111.389112         0.999310 
     6111.399112         1.001473 
     6111.409112         1.004333 
     6111.419111         1.003816 
     6111.429111         1.002157 
     6111.439111         1.003164 
     6111.449111         1.004117 
     6111.459111         1.003279 
     6111.469110         1.001555 
     6111.479110         1.000364 
     6111.489110         1.002680 
     6111.499110         1.004255 
     6111.509110         1.000551 
     6111.519109         0.994823 
     6111.529109         0.990489 
     6111.539109         0.989896 
     6111.549109         0.989993 
     6111.559109         0.981793 
     6111.569108         0.971390 
     6111.579108         0.966857 
     6111.589108         0.961945 
     6111.599108         0.954220 
     6111.609108         0.947816 
     6111.619107         0.942024 
     6111.629107         0.931241 
     6111.639107         0.922864 
     6111.649107         0.925793 
     6111.659107         0.929456 
     6111.669106         0.928234 
     6111.679106         0.929325 
     6111.689106         0.934205 
     6111.699106         0.940081 
     6111.709106         0.947033 
     6111.719105         0.955618 
     6111.729105         0.963516 
     6111.739105         0.968187 
     6111.749105         0.972017 
     6111.759105         0.976694 
     6111.769104         0.984712 
     6111.779104         0.991769 
     6111.789104         0.992090 
     6111.799104         0.991107 
     6111.809104         0.992872 
     6111.819103         0.997281 
     6111.829103         1.001714 
     6111.839103         0.999492 
     6111.849103         0.995421 
     6111.859103         0.997089 
     6111.869102         0.998790 
     6111.879102         0.997436 
     6111.889102         0.995479 
     6111.899102         0.994488 
     6111.909102         0.996622 
     6111.919102         0.999049 
     6111.929101         0.997360 
     6111.939101         0.996592 
     6111.949101         0.999318 
     6111.959101         0.999839 
     6111.969101         0.997473 
     6111.979100         0.996325 
     6111.989100         0.995668 
     6111.999100         0.994274 
     6112.009100         0.992807 
     6112.019100         0.992663 
     6112.029099         0.997373 
     6112.039099         1.004306 
     6112.049099         1.001519 
     6112.059099         0.996040 
     6112.069099         0.999336 
     6112.079098         1.002980 
     6112.089098         1.000813 
     6112.099098         1.000201 
     6112.109098         1.001157 
     6112.119098         0.996049 
     6112.129097         0.991046 
     6112.139097         0.995971 
     6112.149097         0.999754 
     6112.159097         0.996002 
     6112.169097         0.995961 
     6112.179096         1.000322 
     6112.189096         0.999419 
     6112.199096         0.996141 
     6112.209096         0.995548 
     6112.219096         0.994750 
     6112.229095         0.991327 
     6112.239095         0.990950 
     6112.249095         0.993498 
     6112.259095         0.993454 
     6112.269095         0.992981 
     6112.279094         0.995553 
     6112.289094         0.995093 
     6112.299094         0.989722 
     6112.309094         0.990641 
     6112.319094         0.997311 
     6112.329093         0.997714 
     6112.339093         0.995500 
     6112.349093         0.998085 
     6112.359093         0.999713 
     6112.369093         0.997330 
     6112.379092         0.997680 
     6112.389092         1.001769 
     6112.399092         1.004737 
     6112.409092         1.005420 
     6112.419092         1.002951 
     6112.429091         1.002434 
     6112.439091         1.006671 
     6112.449091         1.007651 
     6112.459091         1.005430 
     6112.469091         1.005212 
     6112.479090         1.006540 
     6112.489090         1.006719 
     6112.499090         1.005621 
     6112.509090         1.003259 
     6112.519090         0.999913 
     6112.529089         0.996728 
     6112.539089         0.996885 
     6112.549089         0.999291 
     6112.559089         1.001615 
     6112.569089         1.001038 
     6112.579088         0.997343 
     6112.589088         0.998434 
     6112.599088         1.002661 
     6112.609088         1.000213 
     6112.619088         0.996212 
     6112.629087         0.997570 
     6112.639087         0.998136 
     6112.649087         0.995893 
     6112.659087         0.996980 
     6112.669087         0.999760 
     6112.679086         0.996489 
     6112.689086         0.992482 
     6112.699086         0.994071 
     6112.709086         0.996010 
     6112.719086         0.995596 
     6112.729085         0.996498 
     6112.739085         0.997884 
     6112.749085         0.996216 
     6112.759085         0.993830 
     6112.769085         0.993185 
     6112.779084         0.993539 
     6112.789084         0.993570 
     6112.799084         0.990241 
     6112.809084         0.985204 
     6112.819084         0.981908 
     6112.829084         0.980345 
     6112.839083         0.978539 
     6112.849083         0.974229 
     6112.859083         0.967554 
     6112.869083         0.961236 
     6112.879083         0.954995 
     6112.889082         0.947066 
     6112.899082         0.940606 
     6112.909082         0.937976 
     6112.919082         0.936515 
     6112.929082         0.935874 
     6112.939081         0.937023 
     6112.949081         0.939646 
     6112.959081         0.941808 
     6112.969081         0.946119 
     6112.979081         0.954892 
     6112.989080         0.960891 
     6112.999080         0.962661 
     6113.009080         0.965271 
     6113.019080         0.969018 
     6113.029080         0.971637 
     6113.039079         0.973626 
     6113.049079         0.975601 
     6113.059079         0.977874 
     6113.069079         0.980146 
     6113.079079         0.979390 
     6113.089078         0.975597 
     6113.099078         0.969646 
     6113.109078         0.966441 
     6113.119078         0.968716 
     6113.129078         0.971008 
     6113.139077         0.971832 
     6113.149077         0.974348 
     6113.159077         0.977683 
     6113.169077         0.979127 
     6113.179077         0.981586 
     6113.189076         0.984940 
     6113.199076         0.986049 
     6113.209076         0.984361 
     6113.219076         0.981203 
     6113.229076         0.978486 
     6113.239075         0.977626 
     6113.249075         0.973772 
     6113.259075         0.964276 
     6113.269075         0.952131 
     6113.279075         0.940200 
     6113.289074         0.932116 
     6113.299074         0.925084 
     6113.309074         0.914983 
     6113.319074         0.911832 
     6113.329074         0.919570 
     6113.339073         0.924663 
     6113.349073         0.926423 
     6113.359073         0.932581 
     6113.369073         0.941936 
     6113.379073         0.952224 
     6113.389072         0.960265 
     6113.399072         0.965257 
     6113.409072         0.970235 
     6113.419072         0.977834 
     6113.429072         0.989718 
     6113.439071         0.996571 
     6113.449071         0.990507 
     6113.459071         0.987887 
     6113.469071         0.993316 
     6113.479071         0.997066 
     6113.489070         0.998808 
     6113.499070         1.001927 
     6113.509070         1.001426 
     6113.519070         0.994505 
     6113.529070         0.994626 
     6113.539069         1.002485 
     6113.549069         1.000236 
     6113.559069         0.992688 
     6113.569069         0.992872 
     6113.579069         0.996352 
     6113.589068         0.998585 
     6113.599068         0.997931 
     6113.609068         0.995203 
     6113.619068         0.996749 
     6113.629068         0.999918 
     6113.639067         0.999152 
     6113.649067         0.997800 
     6113.659067         0.997913 
     6113.669067         0.997778 
     6113.679067         0.997496 
     6113.689066         0.998319 
     6113.699066         1.000408 
     6113.709066         1.002788 
     6113.719066         1.005347 
     6113.729066         1.006992 
     6113.739066         1.000284 
     6113.749065         0.989640 
     6113.759065         0.990033 
     6113.769065         0.995816 
     6113.779065         0.998791 
     6113.789065         0.999525 
     6113.799064         0.998680 
     6113.809064         0.996346 
     6113.819064         0.994802 
     6113.829064         0.998988 
     6113.839064         1.002101 
     6113.849063         0.999558 
     6113.859063         0.999484 
     6113.869063         1.003277 
     6113.879063         1.003520 
     6113.889063         1.001487 
     6113.899062         1.001138 
     6113.909062         1.002772 
     6113.919062         1.004721 
     6113.929062         1.003026 
     6113.939062         0.999040 
     6113.949061         1.001743 
     6113.959061         1.004784 
     6113.969061         0.998379 
     6113.979061         0.994576 
     6113.989061         0.999817 
     6113.999060         1.003360 
     6114.009060         1.001992 
     6114.019060         0.997170 
     6114.029060         0.995486 
     6114.039060         1.002268 
     6114.049059         1.005131 
     6114.059059         0.999278 
     6114.069059         0.998143 
     6114.079059         1.001494 
     6114.089059         1.001933 
     6114.099058         1.001399 
     6114.109058         1.003000 
     6114.119058         1.003838 
     6114.129058         1.002643 
     6114.139058         1.001825 
     6114.149057         1.000616 
     6114.159057         0.998167 
     6114.169057         0.998109 
     6114.179057         1.003742 
     6114.189057         1.007294 
     6114.199056         1.006260 
     6114.209056         1.001814 
     6114.219056         0.997590 
     6114.229056         0.998470 
     6114.239056         1.000755 
     6114.249055         1.000545 
     6114.259055         0.996205 
     6114.269055         0.990627 
     6114.279055         0.992790 
     6114.289055         0.997499 
     6114.299054         0.997658 
     6114.309054         0.994770 
     6114.319054         0.992051 
     6114.329054         0.992907 
     6114.339054         0.996154 
     6114.349053         0.994458 
     6114.359053         0.990166 
     6114.369053         0.986394 
     6114.379053         0.985350 
     6114.389053         0.988449 
     6114.399052         0.991767 
     6114.409052         0.993887 
     6114.419052         0.992864 
     6114.429052         0.992274 
     6114.439052         0.994917 
     6114.449051         0.996239 
     6114.459051         0.995737 
     6114.469051         0.996267 
     6114.479051         0.997752 
     6114.489051         0.998800 
     6114.499050         0.999149 
     6114.509050         0.998083 
     6114.519050         0.997483 
     6114.529050         0.998741 
     6114.539050         1.004033 
     6114.549049         1.007939 
     6114.559049         1.004464 
     6114.569049         1.003207 
     6114.579049         1.007068 
     6114.589049         1.005891 
     6114.599048         1.001044 
     6114.609048         1.000768 
     6114.619048         1.000563 
     6114.629048         0.996023 
     6114.639048         0.996051 
     6114.649048         1.002373 
     6114.659047         1.005526 
     6114.669047         1.005367 
     6114.679047         1.003559 
     6114.689047         1.001549 
     6114.699047         0.999961 
     6114.709046         0.997174 
     6114.719046         0.993436 
     6114.729046         0.991928 
     6114.739046         0.993409 
     6114.749046         0.997505 
     6114.759045         0.997958 
     6114.769045         0.992502 
     6114.779045         0.989992 
     6114.789045         0.991498 
     6114.799045         0.992026 
     6114.809044         0.990335 
     6114.819044         0.986098 
     6114.829044         0.986764 
     6114.839044         0.993283 
     6114.849044         0.998003 
     6114.859043         0.999232 
     6114.869043         0.997180 
     6114.879043         0.995479 
     6114.889043         0.995868 
     6114.899043         0.996467 
     6114.909042         0.997056 
     6114.919042         0.998607 
     6114.929042         0.999661 
     6114.939042         0.997059 
     6114.949042         0.997652 
     6114.959041         1.004746 
     6114.969041         1.007502 
     6114.979041         1.005978 
     6114.989041         1.005145 
     6114.999041         1.004755 
     6115.009040         1.002330 
     6115.019040         1.000818 
     6115.029040         1.000926 
     6115.039040         0.997985 
     6115.049040         0.994944 
     6115.059039         0.996633 
     6115.069039         0.997616 
     6115.079039         0.993623 
     6115.089039         0.993585 
     6115.099039         0.998809 
     6115.109038         1.000863 
     6115.119038         0.999956 
     6115.129038         0.998797 
     6115.139038         0.996868 
     6115.149038         0.995297 
     6115.159037         0.996433 
     6115.169037         0.999562 
     6115.179037         0.999195 
     6115.189037         0.997721 
     6115.199037         0.997962 
     6115.209036         0.999629 
     6115.219036         1.001882 
     6115.229036         1.000519 
     6115.239036         0.997614 
     6115.249036         0.998177 
     6115.259035         0.999903 
     6115.269035         1.000359 
     6115.279035         0.997512 
     6115.289035         0.993895 
     6115.299035         0.997588 
     6115.309034         1.002757 
     6115.319034         0.999352 
     6115.329034         0.997007 
     6115.339034         1.000718 
     6115.349034         1.006577 
     6115.359033         1.011046 
     6115.369033         1.008215 
     6115.379033         1.004436 
     6115.389033         1.005879 
     6115.399033         1.005633 
     6115.409032         1.001497 
     6115.419032         0.999109 
     6115.429032         0.998488 
     6115.439032         0.997358 
     6115.449032         0.999040 
     6115.459031         1.004041 
     6115.469031         1.004685 
     6115.479031         1.000513 
     6115.489031         0.998268 
     6115.499031         0.998447 
     6115.509030         1.000335 
     6115.519030         1.001036 
     6115.529030         0.999218 
     6115.539030         0.999087 
     6115.549030         0.998667 
     6115.559030         0.992163 
     6115.569029         0.988533 
     6115.579029         0.994561 
     6115.589029         0.999544 
     6115.599029         0.999723 
     6115.609029         0.999153 
     6115.619028         0.999609 
     6115.629028         1.001331 
     6115.639028         0.999503 
     6115.649028         0.992242 
     6115.659028         0.988479 
     6115.669027         0.989648 
     6115.679027         0.990735 
     6115.689027         0.991143 
     6115.699027         0.991538 
     6115.709027         0.989383 
     6115.719026         0.985253 
     6115.729026         0.986317 
     6115.739026         0.990235 
     6115.749026         0.991292 
     6115.759026         0.990537 
     6115.769025         0.990753 
     6115.779025         0.992593 
     6115.789025         0.995996 
     6115.799025         0.998076 
     6115.809025         0.998295 
     6115.819024         0.996969 
     6115.829024         0.994324 
     6115.839024         0.992324 
     6115.849024         0.994649 
     6115.859024         0.999623 
     6115.869023         1.000670 
     6115.879023         1.000049 
     6115.889023         1.000273 
     6115.899023         1.000386 
     6115.909023         0.999792 
     6115.919022         0.996552 
     6115.929022         0.993703 
     6115.939022         0.995044 
     6115.949022         0.994129 
     6115.959022         0.987864 
     6115.969021         0.983935 
     6115.979021         0.981841 
     6115.989021         0.975054 
     6115.999021         0.968577 
     6116.009021         0.966908 
     6116.019020         0.961702 
     6116.029020         0.951950 
     6116.039020         0.946545 
     6116.049020         0.943814 
     6116.059020         0.936350 
     6116.069019         0.926305 
     6116.079019         0.916072 
     6116.089019         0.901356 
     6116.099019         0.881099 
     6116.109019         0.855914 
     6116.119018         0.826799 
     6116.129018         0.795388 
     6116.139018         0.761703 
     6116.149018         0.727418 
     6116.159018         0.697843 
     6116.169017         0.674838 
     6116.179017         0.658213 
     6116.189017         0.647674 
     6116.199017         0.643931 
     6116.209017         0.649175 
     6116.219016         0.662454 
     6116.229016         0.679420 
     6116.239016         0.699289 
     6116.249016         0.722255 
     6116.259016         0.747367 
     6116.269015         0.773861 
     6116.279015         0.799810 
     6116.289015         0.826676 
     6116.299015         0.857465 
     6116.309015         0.884327 
     6116.319014         0.900753 
