     4517.210646         0.897292 
     4517.220646         0.923016 
     4517.230646         0.945164 
     4517.240645         0.961415 
     4517.250645         0.972593 
     4517.260645         0.983851 
     4517.270645         0.987482 
     4517.280645         0.996157 
     4517.290644         1.005439 
     4517.300644         0.998958 
     4517.310644         0.993362 
     4517.320644         0.998775 
     4517.330644         1.001709 
     4517.340644         1.000993 
     4517.350643         1.003068 
     4517.360643         1.007933 
     4517.370643         1.000475 
     4517.380643         0.992679 
     4517.390643         0.990161 
     4517.400642         0.989271 
     4517.410642         0.983622 
     4517.420642         0.973268 
     4517.430642         0.946056 
     4517.440642         0.922277 
     4517.450641         0.883120 
     4517.460641         0.831507 
     4517.470641         0.769018 
     4517.480641         0.689563 
     4517.490641         0.602716 
     4517.500640         0.520850 
     4517.510640         0.450283 
     4517.520640         0.409875 
     4517.530640         0.388649 
     4517.540640         0.402593 
     4517.550639         0.449093 
     4517.560639         0.502176 
     4517.570639         0.560354 
     4517.580639         0.621766 
     4517.590639         0.679187 
     4517.600638         0.726900 
     4517.610638         0.770728 
     4517.620638         0.817363 
     4517.630638         0.859258 
     4517.640638         0.892036 
     4517.650637         0.915461 
     4517.660637         0.941888 
     4517.670637         0.965872 
     4517.680637         0.976785 
     4517.690637         0.981393 
     4517.700636         0.988174 
     4517.710636         0.987898 
     4517.720636         0.982108 
     4517.730636         0.979855 
     4517.740636         0.987166 
     4517.750635         0.981457 
     4517.760635         0.975482 
     4517.770635         0.981155 
     4517.780635         0.973268 
     4517.790635         0.966362 
     4517.800634         0.971661 
     4517.810634         0.969978 
     4517.820634         0.969630 
     4517.830634         0.967311 
     4517.840634         0.969562 
     4517.850633         0.976132 
     4517.860633         0.978430 
     4517.870633         0.982424 
     4517.880633         0.982575 
     4517.890633         0.984701 
     4517.900632         0.976590 
     4517.910632         0.970441 
     4517.920632         0.944646 
     4517.930632         0.932845 
     4517.940632         0.905064 
     4517.950631         0.853459 
     4517.960631         0.794858 
     4517.970631         0.719690 
     4517.980631         0.632379 
     4517.990631         0.535729 
     4518.000630         0.451505 
     4518.010630         0.386734 
     4518.020630         0.348203 
     4518.030630         0.339545 
     4518.040630         0.368462 
     4518.050629         0.426989 
     4518.060629         0.508863 
     4518.070629         0.601177 
     4518.080629         0.691392 
     4518.090629         0.768731 
     4518.100628         0.830557 
     4518.110628         0.879003 
     4518.120628         0.918614 
     4518.130628         0.943552 
     4518.140628         0.959930 
     4518.150627         0.972642 
     4518.160627         0.989789 
     4518.170627         0.990716 
     4518.180627         0.993893 
     4518.190627         0.999592 
     4518.200626         1.002034 
     4518.210626         1.003330 
     4518.220626         0.998368 
     4518.230626         0.982205 
     4518.240626         0.971716 
     4518.250626         0.957760 
     4518.260625         0.930479 
     4518.270625         0.883852 
     4518.280625         0.829143 
     4518.290625         0.760493 
     4518.300625         0.692099 
     4518.310624         0.620525 
     4518.320624         0.563921 
     4518.330624         0.539092 
     4518.340624         0.526562 
     4518.350624         0.544982 
     4518.360623         0.596061 
     4518.370623         0.650821 
     4518.380623         0.702494 
     4518.390623         0.747401 
     4518.400623         0.789265 
     4518.410622         0.817552 
     4518.420622         0.833699 
     4518.430622         0.849540 
     4518.440622         0.867218 
     4518.450622         0.886274 
     4518.460621         0.909314 
     4518.470621         0.931355 
     4518.480621         0.945686 
     4518.490621         0.955852 
     4518.500621         0.956723 
     4518.510620         0.946375 
     4518.520620         0.940585 
     4518.530620         0.913406 
     4518.540620         0.882065 
     4518.550620         0.845129 
     4518.560619         0.816360 
     4518.570619         0.802985 
     4518.580619         0.792887 
     4518.590619         0.787364 
     4518.600619         0.804096 
     4518.610618         0.826575 
     4518.620618         0.851962 
     4518.630618         0.878166 
     4518.640618         0.881618 
     4518.650618         0.875558 
     4518.660617         0.861609 
     4518.670617         0.853594 
     4518.680617         0.843968 
     4518.690617         0.828435 
     4518.700617         0.834652 
     4518.710616         0.860224 
     4518.720616         0.882567 
     4518.730616         0.902580 
     4518.740616         0.925683 
     4518.750616         0.953851 
     4518.760615         0.971591 
     4518.770615         0.976417 
     4518.780615         0.991573 
     4518.790615         0.993607 
     4518.800615         0.997276 
     4518.810614         0.998577 
     4518.820614         1.000922 
     4518.830614         1.002426 
     4518.840614         1.004547 
     4518.850614         1.006070 
     4518.860613         0.997972 
     4518.870613         1.002076 
     4518.880613         1.012971 
     4518.890613         1.000068 
     4518.900613         0.992232 
     4518.910612         0.998381 
     4518.920612         0.998643 
     4518.930612         0.992559 
     4518.940612         0.992376 
     4518.950612         0.995425 
     4518.960611         1.000338 
     4518.970611         0.995354 
     4518.980611         0.990649 
     4518.990611         0.992453 
     4519.000611         0.998516 
     4519.010610         0.994523 
     4519.020610         0.997882 
     4519.030610         1.004727 
     4519.040610         0.997331 
     4519.050610         1.000400 
     4519.060609         0.996039 
     4519.070609         1.004526 
     4519.080609         1.002938 
     4519.090609         0.997105 
     4519.100609         0.999926 
     4519.110608         1.004573 
     4519.120608         1.000543 
     4519.130608         0.995170 
     4519.140608         0.995581 
     4519.150608         0.998466 
     4519.160608         0.996988 
     4519.170607         1.003246 
     4519.180607         1.000360 
     4519.190607         0.997859 
     4519.200607         0.996359 
     4519.210607         0.995884 
     4519.220606         0.995774 
     4519.230606         0.989319 
     4519.240606         0.987701 
     4519.250606         0.991003 
     4519.260606         0.991161 
     4519.270605         0.985725 
     4519.280605         0.990803 
     4519.290605         0.991342 
     4519.300605         0.984497 
     4519.310605         0.992972 
     4519.320604         0.991478 
     4519.330604         0.992685 
     4519.340604         0.996615 
     4519.350604         0.988495 
     4519.360604         0.997083 
     4519.370603         1.003357 
     4519.380603         1.002793 
     4519.390603         1.003836 
     4519.400603         1.001902 
     4519.410603         1.001489 
     4519.420602         1.001140 
     4519.430602         0.995630 
     4519.440602         0.997913 
     4519.450602         1.000147 
     4519.460602         0.995970 
     4519.470601         0.997112 
     4519.480601         0.998405 
     4519.490601         0.999381 
     4519.500601         0.995006 
     4519.510601         0.996658 
     4519.520600         0.998105 
     4519.530600         0.998702 
     4519.540600         0.999064 
     4519.550600         0.998740 
     4519.560600         0.992282 
     4519.570599         0.980542 
     4519.580599         0.979536 
     4519.590599         0.972552 
     4519.600599         0.962035 
     4519.610599         0.956921 
     4519.620598         0.961417 
     4519.630598         0.952876 
     4519.640598         0.943906 
     4519.650598         0.952960 
     4519.660598         0.962033 
     4519.670597         0.972002 
     4519.680597         0.979848 
     4519.690597         0.978528 
     4519.700597         0.983842 
     4519.710597         0.987032 
     4519.720596         0.989071 
     4519.730596         0.990894 
     4519.740596         0.992179 
     4519.750596         0.986104 
     4519.760596         0.979949 
     4519.770595         0.987693 
     4519.780595         0.978359 
     4519.790595         0.969323 
     4519.800595         0.971026 
     4519.810595         0.968552 
     4519.820594         0.971114 
     4519.830594         0.976539 
     4519.840594         0.975468 
     4519.850594         0.980261 
     4519.860594         0.982419 
     4519.870593         0.975881 
     4519.880593         0.977341 
     4519.890593         0.975890 
     4519.900593         0.961963 
     4519.910593         0.948488 
     4519.920592         0.925122 
     4519.930592         0.881228 
     4519.940592         0.826881 
     4519.950592         0.768084 
     4519.960592         0.710708 
     4519.970591         0.654047 
     4519.980591         0.620073 
     4519.990591         0.619306 
     4520.000591         0.638969 
     4520.010591         0.677002 
     4520.020590         0.728304 
     4520.030590         0.782114 
     4520.040590         0.828696 
     4520.050590         0.873223 
     4520.060590         0.904469 
     4520.070590         0.921489 
     4520.080589         0.940521 
     4520.090589         0.943934 
     4520.100589         0.941092 
     4520.110589         0.937598 
     4520.120589         0.918990 
     4520.130588         0.890373 
     4520.140588         0.850534 
     4520.150588         0.788861 
     4520.160588         0.724554 
     4520.170588         0.654731 
     4520.180587         0.573790 
     4520.190587         0.492359 
     4520.200587         0.421754 
     4520.210587         0.372311 
     4520.220587         0.344332 
     4520.230586         0.341377 
     4520.240586         0.372417 
     4520.250586         0.423653 
     4520.260586         0.495557 
     4520.270586         0.578453 
     4520.280585         0.661905 
     4520.290585         0.736860 
     4520.300585         0.797637 
     4520.310585         0.858925 
     4520.320585         0.898349 
     4520.330584         0.921312 
     4520.340584         0.949463 
     4520.350584         0.957658 
     4520.360584         0.963920 
     4520.370584         0.973692 
     4520.380583         0.972214 
     4520.390583         0.974528 
     4520.400583         0.971627 
     4520.410583         0.971718 
     4520.420583         0.975139 
     4520.430582         0.969324 
     4520.440582         0.959026 
     4520.450582         0.959089 
     4520.460582         0.963031 
     4520.470582         0.948017 
     4520.480581         0.936180 
     4520.490581         0.932091 
     4520.500581         0.925819 
     4520.510581         0.918100 
     4520.520581         0.913075 
     4520.530580         0.914430 
     4520.540580         0.919366 
     4520.550580         0.932142 
     4520.560580         0.946266 
     4520.570580         0.951982 
     4520.580579         0.960598 
     4520.590579         0.968080 
     4520.600579         0.971557 
     4520.610579         0.973031 
     4520.620579         0.984394 
     4520.630578         0.982193 
     4520.640578         0.976874 
     4520.650578         0.984799 
     4520.660578         0.994015 
     4520.670578         0.992198 
     4520.680577         0.989066 
     4520.690577         0.993118 
     4520.700577         0.998651 
     4520.710577         1.000425 
     4520.720577         0.991309 
     4520.730576         0.986424 
     4520.740576         0.977780 
     4520.750576         0.975032 
     4520.760576         0.974603 
     4520.770576         0.966309 
     4520.780575         0.979892 
     4520.790575         0.985535 
     4520.800575         0.972800 
     4520.810575         0.972442 
     4520.820575         0.975118 
     4520.830574         0.978509 
     4520.840574         0.979375 
     4520.850574         0.977909 
     4520.860574         0.984150 
     4520.870574         0.982549 
     4520.880573         0.986737 
     4520.890573         0.986923 
     4520.900573         0.983580 
     4520.910573         0.984921 
     4520.920573         0.986000 
     4520.930572         0.987269 
     4520.940572         0.987176 
     4520.950572         0.985441 
     4520.960572         0.983378 
     4520.970572         0.983390 
     4520.980572         0.986773 
     4520.990571         0.988208 
     4521.000571         0.985890 
     4521.010571         0.983234 
     4521.020571         0.986335 
     4521.030571         0.988788 
     4521.040570         0.980142 
     4521.050570         0.977542 
     4521.060570         0.969400 
     4521.070570         0.953243 
     4521.080570         0.934119 
     4521.090569         0.908228 
     4521.100569         0.894687 
     4521.110569         0.885193 
     4521.120569         0.873863 
     4521.130569         0.876640 
     4521.140568         0.883420 
     4521.150568         0.892172 
     4521.160568         0.912481 
     4521.170568         0.930442 
     4521.180568         0.943378 
     4521.190567         0.959186 
     4521.200567         0.973727 
     4521.210567         0.979854 
     4521.220567         0.982587 
     4521.230567         0.989773 
     4521.240566         0.990297 
     4521.250566         0.992627 
     4521.260566         0.995944 
     4521.270566         0.990722 
     4521.280566         0.993923 
     4521.290565         0.998131 
     4521.300565         0.998592 
     4521.310565         0.992301 
     4521.320565         0.988630 
     4521.330565         0.993290 
     4521.340564         0.998705 
     4521.350564         1.003123 
     4521.360564         0.995726 
     4521.370564         0.999604 
     4521.380564         1.002634 
     4521.390563         0.997856 
     4521.400563         0.999551 
     4521.410563         1.005595 
     4521.420563         0.997919 
     4521.430563         0.986849 
     4521.440562         0.997438 
     4521.450562         1.003785 
     4521.460562         1.002565 
     4521.470562         1.005282 
     4521.480562         1.003590 
     4521.490561         1.001751 
     4521.500561         1.007345 
     4521.510561         1.009797 
     4521.520561         0.998543 
     4521.530561         1.001855 
     4521.540560         1.008394 
     4521.550560         1.005289 
     4521.560560         1.001095 
     4521.570560         1.002237 
     4521.580560         1.014450 
     4521.590559         1.003909 
     4521.600559         0.998936 
     4521.610559         1.003597 
     4521.620559         0.999643 
     4521.630559         0.993309 
     4521.640558         0.994672 
     4521.650558         0.990464 
     4521.660558         0.987120 
     4521.670558         0.993961 
     4521.680558         0.992379 
     4521.690557         0.990203 
     4521.700557         0.992604 
     4521.710557         0.996151 
     4521.720557         0.993983 
     4521.730557         0.989141 
     4521.740556         0.989888 
     4521.750556         0.985089 
     4521.760556         0.986561 
     4521.770556         0.985716 
     4521.780556         0.980852 
     4521.790555         0.980194 
     4521.800555         0.975788 
     4521.810555         0.973331 
     4521.820555         0.976275 
     4521.830555         0.973263 
     4521.840554         0.971833 
     4521.850554         0.966524 
     4521.860554         0.956993 
     4521.870554         0.965799 
     4521.880554         0.972915 
     4521.890554         0.973187 
     4521.900553         0.975381 
     4521.910553         0.986653 
     4521.920553         0.994086 
     4521.930553         0.988255 
     4521.940553         0.980060 
     4521.950552         0.987800 
     4521.960552         0.986819 
     4521.970552         0.985247 
     4521.980552         0.985521 
     4521.990552         0.978535 
     4522.000551         0.968273 
     4522.010551         0.966583 
     4522.020551         0.968479 
     4522.030551         0.960610 
     4522.040551         0.963479 
     4522.050550         0.967394 
     4522.060550         0.967576 
     4522.070550         0.965196 
     4522.080550         0.967731 
     4522.090550         0.972236 
     4522.100549         0.969942 
     4522.110549         0.971131 
     4522.120549         0.970886 
     4522.130549         0.978074 
     4522.140549         0.985078 
     4522.150548         0.989825 
     4522.160548         0.991205 
     4522.170548         0.994522 
     4522.180548         0.996491 
     4522.190548         1.002460 
     4522.200547         1.007829 
     4522.210547         1.004997 
     4522.220547         0.998052 
     4522.230547         1.000018 
     4522.240547         1.004392 
     4522.250546         1.009487 
     4522.260546         1.004652 
     4522.270546         0.993667 
     4522.280546         0.989170 
     4522.290546         0.988524 
     4522.300545         0.982750 
     4522.310545         0.960296 
     4522.320545         0.945146 
     4522.330545         0.934278 
     4522.340545         0.910432 
     4522.350544         0.900611 
     4522.360544         0.893221 
     4522.370544         0.891546 
     4522.380544         0.902420 
     4522.390544         0.905341 
     4522.400543         0.913328 
     4522.410543         0.925981 
     4522.420543         0.930122 
     4522.430543         0.933406 
     4522.440543         0.933618 
     4522.450542         0.923199 
     4522.460542         0.896836 
     4522.470542         0.861951 
     4522.480542         0.819984 
     4522.490542         0.775043 
     4522.500541         0.727855 
     4522.510541         0.686769 
     4522.520541         0.655265 
     4522.530541         0.628539 
     4522.540541         0.606002 
     4522.550540         0.589552 
     4522.560540         0.561909 
     4522.570540         0.523831 
     4522.580540         0.485489 
     4522.590540         0.432486 
     4522.600539         0.377282 
     4522.610539         0.331412 
     4522.620539         0.294827 
     4522.630539         0.277208 
     4522.640539         0.282623 
     4522.650538         0.313663 
     4522.660538         0.367704 
     4522.670538         0.429119 
     4522.680538         0.506011 
     4522.690538         0.589396 
     4522.700537         0.651484 
     4522.710537         0.693380 
     4522.720537         0.707435 
     4522.730537         0.696814 
     4522.740537         0.671080 
     4522.750536         0.610602 
     4522.760536         0.539499 
     4522.770536         0.472582 
     4522.780536         0.405691 
     4522.790536         0.355098 
     4522.800536         0.333061 
     4522.810535         0.346136 
     4522.820535         0.395157 
     4522.830535         0.467398 
     4522.840535         0.558996 
     4522.850535         0.649339 
     4522.860534         0.727757 
     4522.870534         0.799386 
     4522.880534         0.863661 
     4522.890534         0.906740 
     4522.900534         0.926565 
     4522.910533         0.955447 
     4522.920533         0.971732 
     4522.930533         0.977746 
     4522.940533         0.991799 
     4522.950533         0.988111 
     4522.960532         0.985268 
     4522.970532         0.987873 
     4522.980532         0.984057 
     4522.990532         0.977967 
     4523.000532         0.960625 
     4523.010531         0.941973 
     4523.020531         0.934777 
     4523.030531         0.923992 
     4523.040531         0.899036 
     4523.050531         0.874270 
     4523.060530         0.867859 
     4523.070530         0.852794 
     4523.080530         0.854203 
     4523.090530         0.872622 
     4523.100530         0.887448 
     4523.110529         0.910145 
     4523.120529         0.934129 
     4523.130529         0.949660 
     4523.140529         0.961856 
     4523.150529         0.976569 
     4523.160528         0.980963 
     4523.170528         0.982200 
     4523.180528         0.992495 
     4523.190528         0.998592 
     4523.200528         0.998026 
     4523.210527         0.996133 
