     4531.160370         0.175602 
     4531.170370         0.198808 
     4531.180370         0.244625 
     4531.190370         0.312391 
     4531.200369         0.395734 
     4531.210369         0.480835 
     4531.220369         0.565703 
     4531.230369         0.651508 
     4531.240369         0.719199 
     4531.250368         0.774146 
     4531.260368         0.824853 
     4531.270368         0.862639 
     4531.280368         0.878084 
     4531.290368         0.906296 
     4531.300367         0.926129 
     4531.310367         0.933399 
     4531.320367         0.940313 
     4531.330367         0.948167 
     4531.340367         0.953899 
     4531.350366         0.962096 
     4531.360366         0.969162 
     4531.370366         0.969726 
     4531.380366         0.971510 
     4531.390366         0.969716 
     4531.400365         0.971535 
     4531.410365         0.975797 
     4531.420365         0.974818 
     4531.430365         0.977325 
     4531.440365         0.976897 
     4531.450364         0.978738 
     4531.460364         0.981059 
     4531.470364         0.975466 
     4531.480364         0.977578 
     4531.490364         0.971313 
     4531.500363         0.962372 
     4531.510363         0.955036 
     4531.520363         0.930053 
     4531.530363         0.908279 
     4531.540363         0.877144 
     4531.550362         0.831822 
     4531.560362         0.776733 
     4531.570362         0.710713 
     4531.580362         0.647100 
     4531.590362         0.585046 
     4531.600361         0.521223 
     4531.610361         0.464986 
     4531.620361         0.436979 
     4531.630361         0.431312 
     4531.640361         0.451654 
     4531.650360         0.498271 
     4531.660360         0.561963 
     4531.670360         0.638818 
     4531.680360         0.713991 
     4531.690360         0.783458 
     4531.700359         0.842875 
     4531.710359         0.884361 
     4531.720359         0.916575 
     4531.730359         0.940359 
     4531.740359         0.958549 
     4531.750358         0.972018 
     4531.760358         0.976369 
     4531.770358         0.980213 
     4531.780358         0.979395 
     4531.790358         0.978976 
     4531.800357         0.984512 
     4531.810357         0.980772 
     4531.820357         0.977959 
     4531.830357         0.972664 
     4531.840357         0.970190 
     4531.850356         0.977337 
     4531.860356         0.972952 
     4531.870356         0.968933 
     4531.880356         0.962598 
     4531.890356         0.957747 
     4531.900356         0.966448 
     4531.910355         0.971103 
     4531.920355         0.974161 
     4531.930355         0.977716 
     4531.940355         0.979582 
     4531.950355         0.980491 
     4531.960354         0.991586 
     4531.970354         0.988696 
     4531.980354         0.986266 
     4531.990354         0.995785 
     4532.000354         0.987693 
     4532.010353         0.992800 
     4532.020353         0.988385 
     4532.030353         0.979857 
     4532.040353         0.985052 
     4532.050353         0.982792 
     4532.060352         0.989299 
     4532.070352         0.983005 
     4532.080352         0.971408 
     4532.090352         0.979213 
     4532.100352         0.980393 
     4532.110351         0.977265 
     4532.120351         0.976606 
     4532.130351         0.976702 
     4532.140351         0.975136 
     4532.150351         0.982072 
     4532.160350         0.983270 
     4532.170350         0.986944 
     4532.180350         0.995042 
     4532.190350         0.995630 
     4532.200350         1.000745 
     4532.210349         0.995152 
     4532.220349         0.992690 
     4532.230349         0.997558 
     4532.240349         0.991029 
     4532.250349         0.997951 
     4532.260348         0.997512 
     4532.270348         0.987777 
     4532.280348         0.984558 
     4532.290348         0.988989 
     4532.300348         0.978195 
     4532.310347         0.978403 
     4532.320347         0.986278 
     4532.330347         0.984791 
     4532.340347         0.988834 
     4532.350347         0.993186 
     4532.360346         0.997314 
     4532.370346         0.999506 
     4532.380346         0.999880 
     4532.390346         1.006512 
     4532.400346         1.006563 
     4532.410345         1.004181 
     4532.420345         1.003264 
     4532.430345         1.002985 
     4532.440345         1.007420 
     4532.450345         1.000104 
     4532.460344         0.996891 
     4532.470344         1.000822 
     4532.480344         0.999982 
     4532.490344         1.004587 
     4532.500344         1.001266 
     4532.510343         0.994975 
     4532.520343         0.994997 
     4532.530343         0.998512 
     4532.540343         1.000671 
     4532.550343         1.011270 
     4532.560342         1.010291 
     4532.570342         0.998548 
     4532.580342         1.004748 
     4532.590342         1.004435 
     4532.600342         1.000877 
     4532.610341         0.996931 
     4532.620341         0.994870 
     4532.630341         1.000459 
     4532.640341         1.005665 
     4532.650341         0.999721 
     4532.660340         0.997201 
     4532.670340         1.003697 
     4532.680340         0.996490 
     4532.690340         0.994108 
     4532.700340         0.990480 
     4532.710339         0.986219 
     4532.720339         0.982839 
     4532.730339         0.968892 
     4532.740339         0.960593 
     4532.750339         0.961059 
     4532.760338         0.966321 
     4532.770338         0.969986 
     4532.780338         0.967501 
     4532.790338         0.968552 
     4532.800338         0.972977 
     4532.810338         0.976734 
     4532.820337         0.977443 
     4532.830337         0.974045 
     4532.840337         0.967102 
     4532.850337         0.957366 
     4532.860337         0.947789 
     4532.870336         0.935294 
     4532.880336         0.905854 
     4532.890336         0.877598 
     4532.900336         0.831493 
     4532.910336         0.774494 
     4532.920335         0.725249 
     4532.930335         0.656205 
     4532.940335         0.595679 
     4532.950335         0.548875 
     4532.960335         0.513716 
     4532.970334         0.495630 
     4532.980334         0.493372 
     4532.990334         0.500323 
     4533.000334         0.516125 
     4533.010334         0.527682 
     4533.020333         0.524577 
     4533.030333         0.529757 
     4533.040333         0.542136 
     4533.050333         0.566099 
     4533.060333         0.604634 
     4533.070332         0.652052 
     4533.080332         0.704654 
     4533.090332         0.763574 
     4533.100332         0.813600 
     4533.110332         0.845440 
     4533.120331         0.862772 
     4533.130331         0.864422 
     4533.140331         0.855427 
     4533.150331         0.832867 
     4533.160331         0.788477 
     4533.170330         0.721359 
     4533.180330         0.641221 
     4533.190330         0.557066 
     4533.200330         0.465049 
     4533.210330         0.369741 
     4533.220329         0.293315 
     4533.230329         0.245075 
     4533.240329         0.212538 
     4533.250329         0.204112 
     4533.260329         0.228311 
     4533.270328         0.278446 
     4533.280328         0.354437 
     4533.290328         0.453572 
     4533.300328         0.556820 
     4533.310328         0.649025 
     4533.320327         0.731752 
     4533.330327         0.803987 
     4533.340327         0.858254 
     4533.350327         0.899239 
     4533.360327         0.930185 
     4533.370326         0.946520 
     4533.380326         0.959106 
     4533.390326         0.974604 
     4533.400326         0.990301 
     4533.410326         0.997486 
     4533.420325         0.993887 
     4533.430325         0.997169 
     4533.440325         0.994869 
     4533.450325         0.994426 
     4533.460325         0.999487 
     4533.470324         0.997164 
     4533.480324         0.995274 
     4533.490324         0.998202 
     4533.500324         1.001137 
     4533.510324         0.999488 
     4533.520323         0.993906 
     4533.530323         0.989997 
     4533.540323         0.991976 
     4533.550323         0.989569 
     4533.560323         0.983109 
     4533.570322         0.986695 
     4533.580322         0.982300 
     4533.590322         0.981811 
     4533.600322         0.985727 
     4533.610322         0.985543 
     4533.620321         0.977403 
     4533.630321         0.969082 
     4533.640321         0.965568 
     4533.650321         0.963887 
     4533.660321         0.960537 
     4533.670320         0.957880 
     4533.680320         0.959060 
     4533.690320         0.953651 
     4533.700320         0.951887 
     4533.710320         0.958925 
     4533.720320         0.958938 
     4533.730319         0.943062 
     4533.740319         0.955155 
     4533.750319         0.962923 
     4533.760319         0.951314 
     4533.770319         0.955537 
     4533.780318         0.951845 
     4533.790318         0.943066 
     4533.800318         0.933363 
     4533.810318         0.923141 
     4533.820318         0.912757 
     4533.830317         0.898385 
     4533.840317         0.873294 
     4533.850317         0.839941 
     4533.860317         0.798137 
     4533.870317         0.744787 
     4533.880316         0.688050 
     4533.890316         0.613497 
     4533.900316         0.530056 
     4533.910316         0.448538 
     4533.920316         0.368691 
     4533.930315         0.294762 
     4533.940315         0.236222 
     4533.950315         0.194577 
     4533.960315         0.168471 
     4533.970315         0.161026 
     4533.980314         0.177801 
     4533.990314         0.207230 
     4534.000314         0.256656 
     4534.010314         0.329481 
     4534.020314         0.413049 
     4534.030313         0.492482 
     4534.040313         0.577994 
     4534.050313         0.655749 
     4534.060313         0.708781 
     4534.070313         0.743474 
     4534.080312         0.779762 
     4534.090312         0.782248 
     4534.100312         0.761154 
     4534.110312         0.729164 
     4534.120312         0.685902 
     4534.130311         0.636714 
     4534.140311         0.584405 
     4534.150311         0.540374 
     4534.160311         0.518907 
     4534.170311         0.523320 
     4534.180310         0.545077 
     4534.190310         0.597562 
     4534.200310         0.658214 
     4534.210310         0.718502 
     4534.220310         0.782857 
     4534.230309         0.841785 
     4534.240309         0.878713 
     4534.250309         0.919340 
     4534.260309         0.946477 
     4534.270309         0.950870 
     4534.280308         0.967845 
     4534.290308         0.977413 
     4534.300308         0.987605 
     4534.310308         0.994316 
     4534.320308         0.992455 
     4534.330307         0.992790 
     4534.340307         0.996782 
     4534.350307         1.001261 
     4534.360307         1.004461 
     4534.370307         1.002623 
     4534.380306         0.996282 
     4534.390306         1.006307 
     4534.400306         1.004211 
     4534.410306         0.998152 
     4534.420306         1.000125 
     4534.430305         1.001848 
     4534.440305         1.001591 
     4534.450305         1.002314 
     4534.460305         0.997199 
     4534.470305         0.991729 
     4534.480304         0.993952 
     4534.490304         0.988516 
     4534.500304         0.990072 
     4534.510304         0.989991 
     4534.520304         0.981908 
     4534.530303         0.973621 
     4534.540303         0.970473 
     4534.550303         0.968898 
     4534.560303         0.962822 
     4534.570303         0.955825 
     4534.580302         0.948452 
     4534.590302         0.931638 
     4534.600302         0.933291 
     4534.610302         0.927921 
     4534.620302         0.921220 
     4534.630302         0.926036 
     4534.640301         0.920925 
     4534.650301         0.923033 
     4534.660301         0.915190 
     4534.670301         0.899530 
     4534.680301         0.879570 
     4534.690300         0.842850 
     4534.700300         0.794632 
     4534.710300         0.731092 
     4534.720300         0.647963 
     4534.730300         0.550356 
     4534.740299         0.453862 
     4534.750299         0.373765 
     4534.760299         0.303317 
     4534.770299         0.254470 
     4534.780299         0.232082 
     4534.790298         0.232826 
     4534.800298         0.272197 
     4534.810298         0.338621 
     4534.820298         0.430040 
     4534.830298         0.530676 
     4534.840297         0.624133 
     4534.850297         0.720647 
     4534.860297         0.794161 
     4534.870297         0.850305 
     4534.880297         0.895423 
     4534.890296         0.927777 
     4534.900296         0.951855 
     4534.910296         0.967804 
     4534.920296         0.982250 
     4534.930296         0.988647 
     4534.940295         0.988698 
     4534.950295         0.998365 
     4534.960295         0.999431 
     4534.970295         1.004267 
     4534.980295         1.000761 
     4534.990294         0.994493 
     4535.000294         1.007585 
     4535.010294         0.999264 
     4535.020294         1.001459 
     4535.030294         1.004061 
     4535.040293         0.996178 
     4535.050293         0.989742 
     4535.060293         0.966430 
     4535.070293         0.935447 
     4535.080293         0.902209 
     4535.090292         0.859165 
     4535.100292         0.799402 
     4535.110292         0.737681 
     4535.120292         0.691757 
     4535.130292         0.663319 
     4535.140291         0.653207 
     4535.150291         0.667554 
     4535.160291         0.707499 
     4535.170291         0.757257 
     4535.180291         0.807981 
     4535.190290         0.854142 
     4535.200290         0.895799 
     4535.210290         0.932642 
     4535.220290         0.947348 
     4535.230290         0.962051 
     4535.240289         0.972060 
     4535.250289         0.966565 
     4535.260289         0.954695 
     4535.270289         0.943566 
     4535.280289         0.922675 
     4535.290288         0.899951 
     4535.300288         0.886530 
     4535.310288         0.879812 
     4535.320288         0.868895 
     4535.330288         0.875131 
     4535.340287         0.892837 
     4535.350287         0.913238 
     4535.360287         0.930365 
     4535.370287         0.937307 
     4535.380287         0.953281 
     4535.390286         0.966319 
     4535.400286         0.973102 
     4535.410286         0.977332 
     4535.420286         0.977733 
     4535.430286         0.983884 
     4535.440285         0.978894 
     4535.450285         0.963815 
     4535.460285         0.951298 
     4535.470285         0.937811 
     4535.480285         0.900734 
     4535.490284         0.850161 
     4535.500284         0.781597 
     4535.510284         0.699115 
     4535.520284         0.611911 
     4535.530284         0.512593 
     4535.540284         0.424884 
     4535.550283         0.345005 
     4535.560283         0.283588 
     4535.570283         0.256073 
     4535.580283         0.256513 
     4535.590283         0.286593 
     4535.600282         0.342738 
     4535.610282         0.414371 
     4535.620282         0.484465 
     4535.630282         0.534130 
     4535.640282         0.559647 
     4535.650281         0.563179 
     4535.660281         0.539917 
     4535.670281         0.493600 
     4535.680281         0.443292 
     4535.690281         0.408225 
     4535.700280         0.388402 
     4535.710280         0.380982 
     4535.720280         0.392114 
     4535.730280         0.424292 
     4535.740280         0.464239 
     4535.750279         0.513996 
     4535.760279         0.572578 
     4535.770279         0.631794 
     4535.780279         0.681908 
     4535.790279         0.719929 
     4535.800278         0.751273 
     4535.810278         0.772017 
     4535.820278         0.764792 
     4535.830278         0.738884 
     4535.840278         0.713347 
     4535.850277         0.664586 
     4535.860277         0.608513 
     4535.870277         0.548526 
     4535.880277         0.481233 
     4535.890277         0.408668 
     4535.900276         0.340539 
     4535.910276         0.294749 
     4535.920276         0.275582 
     4535.930276         0.281096 
     4535.940276         0.309445 
     4535.950275         0.359877 
     4535.960275         0.417282 
     4535.970275         0.462499 
     4535.980275         0.489287 
     4535.990275         0.489406 
     4536.000274         0.458081 
     4536.010274         0.414614 
     4536.020274         0.364671 
     4536.030274         0.321104 
     4536.040274         0.297324 
     4536.050273         0.302212 
     4536.060273         0.340413 
     4536.070273         0.405333 
     4536.080273         0.492279 
     4536.090273         0.589796 
     4536.100272         0.683545 
     4536.110272         0.764268 
     4536.120272         0.828854 
     4536.130272         0.885534 
     4536.140272         0.925917 
     4536.150271         0.949930 
     4536.160271         0.966674 
     4536.170271         0.975314 
     4536.180271         0.989879 
     4536.190271         0.994928 
     4536.200270         0.992014 
     4536.210270         0.997445 
     4536.220270         1.008773 
     4536.230270         0.998498 
     4536.240270         0.999236 
     4536.250269         1.001531 
     4536.260269         0.994610 
     4536.270269         0.992000 
     4536.280269         0.983582 
     4536.290269         0.981085 
     4536.300268         0.975585 
     4536.310268         0.963165 
     4536.320268         0.955818 
     4536.330268         0.959285 
     4536.340268         0.949232 
     4536.350267         0.953037 
     4536.360267         0.952272 
     4536.370267         0.938104 
     4536.380267         0.941428 
     4536.390267         0.932158 
     4536.400266         0.940162 
     4536.410266         0.947661 
     4536.420266         0.940177 
     4536.430266         0.931951 
     4536.440266         0.928979 
     4536.450266         0.921035 
     4536.460265         0.897880 
     4536.470265         0.879965 
     4536.480265         0.876877 
     4536.490265         0.864940 
     4536.500265         0.859442 
     4536.510264         0.876769 
     4536.520264         0.899660 
     4536.530264         0.914150 
     4536.540264         0.927956 
     4536.550264         0.944733 
     4536.560263         0.960546 
     4536.570263         0.973836 
     4536.580263         0.980708 
     4536.590263         0.982958 
     4536.600263         0.989189 
     4536.610262         0.992823 
     4536.620262         0.999730 
     4536.630262         0.997850 
     4536.640262         0.990486 
     4536.650262         0.996467 
     4536.660261         0.997414 
     4536.670261         0.995333 
     4536.680261         1.005202 
     4536.690261         1.009338 
     4536.700261         0.998456 
     4536.710260         1.006475 
     4536.720260         0.998360 
     4536.730260         0.999503 
     4536.740260         1.005153 
     4536.750260         1.001859 
     4536.760259         0.998393 
     4536.770259         0.992486 
     4536.780259         0.999409 
     4536.790259         1.000732 
     4536.800259         0.996893 
     4536.810258         0.999932 
     4536.820258         0.995324 
     4536.830258         0.990070 
     4536.840258         0.990227 
     4536.850258         0.992519 
     4536.860257         0.987830 
     4536.870257         0.977848 
     4536.880257         0.984848 
     4536.890257         0.982378 
     4536.900257         0.977930 
     4536.910256         0.982006 
     4536.920256         0.983670 
     4536.930256         0.969887 
     4536.940256         0.972364 
     4536.950256         0.976080 
     4536.960255         0.980680 
     4536.970255         0.985021 
     4536.980255         0.977416 
     4536.990255         0.974981 
     4537.000255         0.980926 
     4537.010254         0.977035 
     4537.020254         0.973673 
     4537.030254         0.980901 
     4537.040254         0.970030 
     4537.050254         0.960571 
     4537.060253         0.963051 
     4537.070253         0.963818 
     4537.080253         0.959691 
     4537.090253         0.962194 
     4537.100253         0.954047 
     4537.110252         0.955099 
     4537.120252         0.955698 
     4537.130252         0.950365 
     4537.140252         0.946217 
     4537.150252         0.942469 
     4537.160251         0.933428 
