     6091.379508         0.997091 
     6091.389508         0.996532 
     6091.399507         0.996021 
     6091.409507         0.995866 
     6091.419507         0.999439 
     6091.429507         1.000382 
     6091.439507         0.998923 
     6091.449506         1.000836 
     6091.459506         1.004356 
     6091.469506         1.003127 
     6091.479506         0.999263 
     6091.489506         1.000174 
     6091.499505         1.001921 
     6091.509505         1.002013 
     6091.519505         1.002274 
     6091.529505         1.001798 
     6091.539505         1.001733 
     6091.549504         1.002273 
     6091.559504         1.000089 
     6091.569504         0.996104 
     6091.579504         0.993687 
     6091.589504         0.993047 
     6091.599503         0.995858 
     6091.609503         0.998935 
     6091.619503         0.993807 
     6091.629503         0.984253 
     6091.639503         0.983913 
     6091.649502         0.989005 
     6091.659502         0.986218 
     6091.669502         0.977858 
     6091.679502         0.969701 
     6091.689502         0.963980 
     6091.699501         0.963385 
     6091.709501         0.961606 
     6091.719501         0.954090 
     6091.729501         0.949957 
     6091.739501         0.954655 
     6091.749500         0.958264 
     6091.759500         0.956445 
     6091.769500         0.953832 
     6091.779500         0.951767 
     6091.789500         0.948134 
     6091.799499         0.942370 
     6091.809499         0.933921 
     6091.819499         0.925931 
     6091.829499         0.922589 
     6091.839499         0.917867 
     6091.849498         0.899547 
     6091.859498         0.875472 
     6091.869498         0.860798 
     6091.879498         0.851090 
     6091.889498         0.838338 
     6091.899498         0.828455 
     6091.909497         0.827174 
     6091.919497         0.828337 
     6091.929497         0.828056 
     6091.939497         0.831537 
     6091.949497         0.841685 
     6091.959496         0.853787 
     6091.969496         0.866049 
     6091.979496         0.878165 
     6091.989496         0.891298 
     6091.999496         0.906668 
     6092.009495         0.921452 
     6092.019495         0.927384 
     6092.029495         0.928614 
     6092.039495         0.935107 
     6092.049495         0.944339 
     6092.059494         0.950091 
     6092.069494         0.955820 
     6092.079494         0.966317 
     6092.089494         0.974680 
     6092.099494         0.974517 
     6092.109493         0.974866 
     6092.119493         0.980969 
     6092.129493         0.984013 
     6092.139493         0.980903 
     6092.149493         0.979384 
     6092.159492         0.982115 
     6092.169492         0.985402 
     6092.179492         0.988705 
     6092.189492         0.993456 
     6092.199492         0.998397 
     6092.209491         0.999267 
     6092.219491         0.997563 
     6092.229491         0.996734 
     6092.239491         0.995789 
     6092.249491         0.992724 
     6092.259490         0.990643 
     6092.269490         0.992753 
     6092.279490         0.996636 
     6092.289490         1.000122 
     6092.299490         1.002589 
     6092.309489         1.003575 
     6092.319489         1.001190 
     6092.329489         0.996767 
     6092.339489         0.997952 
     6092.349489         1.005322 
     6092.359488         1.006363 
     6092.369488         1.001514 
     6092.379488         1.001211 
     6092.389488         1.003689 
     6092.399488         1.000862 
     6092.409487         0.996044 
     6092.419487         0.996464 
     6092.429487         0.998643 
     6092.439487         0.997767 
     6092.449487         0.996737 
     6092.459486         0.998335 
     6092.469486         1.000296 
     6092.479486         1.000988 
     6092.489486         1.001056 
     6092.499486         1.001218 
     6092.509485         1.001394 
     6092.519485         1.001127 
     6092.529485         0.996431 
     6092.539485         0.988682 
     6092.549485         0.986426 
     6092.559484         0.990090 
     6092.569484         0.995913 
     6092.579484         1.000461 
     6092.589484         0.998126 
     6092.599484         0.995056 
     6092.609483         1.000692 
     6092.619483         1.008408 
     6092.629483         1.009515 
     6092.639483         1.006978 
     6092.649483         1.003447 
     6092.659482         1.000195 
     6092.669482         0.998449 
     6092.679482         0.999308 
     6092.689482         1.002298 
     6092.699482         0.999923 
     6092.709481         0.992461 
     6092.719481         0.990303 
     6092.729481         0.992820 
     6092.739481         0.990724 
     6092.749481         0.984165 
     6092.759480         0.976901 
     6092.769480         0.971021 
     6092.779480         0.969114 
     6092.789480         0.969028 
     6092.799480         0.968114 
     6092.809480         0.966869 
     6092.819479         0.965944 
     6092.829479         0.968537 
     6092.839479         0.975665 
     6092.849479         0.979591 
     6092.859479         0.978158 
     6092.869478         0.979915 
     6092.879478         0.987039 
     6092.889478         0.993413 
     6092.899478         0.997686 
     6092.909478         0.998240 
     6092.919477         0.997068 
     6092.929477         0.998017 
     6092.939477         1.000287 
     6092.949477         1.001338 
     6092.959477         1.001669 
     6092.969476         1.001797 
     6092.979476         1.001168 
     6092.989476         0.999354 
     6092.999476         0.996307 
     6093.009476         0.992279 
     6093.019475         0.988563 
     6093.029475         0.985696 
     6093.039475         0.983345 
     6093.049475         0.981260 
     6093.059475         0.978461 
     6093.069474         0.974488 
     6093.079474         0.968150 
     6093.089474         0.959908 
     6093.099474         0.950906 
     6093.109474         0.943291 
     6093.119473         0.940140 
     6093.129473         0.938656 
     6093.139473         0.934557 
     6093.149473         0.931517 
     6093.159473         0.933217 
     6093.169472         0.937904 
     6093.179472         0.944055 
     6093.189472         0.948460 
     6093.199472         0.949791 
     6093.209472         0.956473 
     6093.219471         0.969772 
     6093.229471         0.978886 
     6093.239471         0.982003 
     6093.249471         0.982894 
     6093.259471         0.983026 
     6093.269470         0.983483 
     6093.279470         0.985681 
     6093.289470         0.991089 
     6093.299470         0.995923 
     6093.309470         0.994784 
     6093.319469         0.992721 
     6093.329469         0.994869 
     6093.339469         0.998845 
     6093.349469         1.002766 
     6093.359469         1.006081 
     6093.369468         1.008209 
     6093.379468         1.005197 
     6093.389468         0.997724 
     6093.399468         0.996266 
     6093.409468         1.001338 
     6093.419467         1.004567 
     6093.429467         1.004749 
     6093.439467         1.002758 
     6093.449467         1.000870 
     6093.459467         1.002037 
     6093.469466         1.002566 
     6093.479466         0.996275 
     6093.489466         0.989328 
     6093.499466         0.987562 
     6093.509466         0.988298 
     6093.519465         0.988740 
     6093.529465         0.984195 
     6093.539465         0.972641 
     6093.549465         0.956918 
     6093.559465         0.937904 
     6093.569464         0.914804 
     6093.579464         0.889096 
     6093.589464         0.865631 
     6093.599464         0.844464 
     6093.609464         0.823170 
     6093.619463         0.802763 
     6093.629463         0.785202 
     6093.639463         0.774205 
     6093.649463         0.773933 
     6093.659463         0.781431 
     6093.669462         0.793957 
     6093.679462         0.812808 
     6093.689462         0.838541 
     6093.699462         0.864811 
     6093.709462         0.888697 
     6093.719462         0.909310 
     6093.729461         0.927102 
     6093.739461         0.944361 
     6093.749461         0.960183 
     6093.759461         0.968549 
     6093.769461         0.973017 
     6093.779460         0.982920 
     6093.789460         0.993904 
     6093.799460         0.997667 
     6093.809460         0.997182 
     6093.819460         0.996654 
     6093.829459         0.997720 
     6093.839459         1.000872 
     6093.849459         1.001466 
     6093.859459         0.997547 
     6093.869459         0.996580 
     6093.879458         1.000256 
     6093.889458         0.998276 
     6093.899458         0.991477 
     6093.909458         0.993728 
     6093.919458         1.002664 
     6093.929457         1.002722 
     6093.939457         0.996807 
     6093.949457         0.995107 
     6093.959457         0.996700 
     6093.969457         0.998633 
     6093.979456         1.000249 
     6093.989456         1.001362 
     6093.999456         1.000674 
     6094.009456         0.997848 
     6094.019456         0.997832 
     6094.029455         1.001290 
     6094.039455         0.999299 
     6094.049455         0.992106 
     6094.059455         0.996466 
     6094.069455         1.010057 
     6094.079454         1.008601 
     6094.089454         0.995778 
     6094.099454         0.991252 
     6094.109454         0.993522 
     6094.119454         0.995016 
     6094.129453         0.993658 
     6094.139453         0.988185 
     6094.149453         0.986904 
     6094.159453         0.996027 
     6094.169453         1.000622 
     6094.179452         0.992479 
     6094.189452         0.987678 
     6094.199452         0.991694 
     6094.209452         0.991901 
     6094.219452         0.986029 
     6094.229451         0.982967 
     6094.239451         0.982981 
     6094.249451         0.980725 
     6094.259451         0.975716 
     6094.269451         0.968714 
     6094.279450         0.960327 
     6094.289450         0.951082 
     6094.299450         0.942764 
     6094.309450         0.935752 
     6094.319450         0.925306 
     6094.329449         0.907952 
     6094.339449         0.890176 
     6094.349449         0.875880 
     6094.359449         0.864581 
     6094.369449         0.856491 
     6094.379448         0.852551 
     6094.389448         0.853851 
     6094.399448         0.862291 
     6094.409448         0.876114 
     6094.419448         0.890025 
     6094.429447         0.903686 
     6094.439447         0.917817 
     6094.449447         0.933296 
     6094.459447         0.950827 
     6094.469447         0.963922 
     6094.479446         0.967807 
     6094.489446         0.969761 
     6094.499446         0.974596 
     6094.509446         0.980860 
     6094.519446         0.987608 
     6094.529445         0.991547 
     6094.539445         0.991933 
     6094.549445         0.989218 
     6094.559445         0.986076 
     6094.569445         0.988757 
     6094.579444         0.994068 
     6094.589444         0.996021 
     6094.599444         0.995558 
     6094.609444         0.995116 
     6094.619444         0.994467 
     6094.629444         0.993459 
     6094.639443         0.994526 
     6094.649443         0.998324 
     6094.659443         0.997362 
     6094.669443         0.990190 
     6094.679443         0.990542 
     6094.689442         1.000086 
     6094.699442         1.004582 
     6094.709442         1.002708 
     6094.719442         1.000206 
     6094.729442         0.999032 
     6094.739441         1.000244 
     6094.749441         1.002117 
     6094.759441         1.001873 
     6094.769441         1.001157 
     6094.779441         1.001983 
     6094.789440         1.003697 
     6094.799440         1.005735 
     6094.809440         1.004982 
     6094.819440         1.000837 
     6094.829440         0.999292 
     6094.839439         1.001190 
     6094.849439         1.000592 
     6094.859439         0.996894 
     6094.869439         0.995876 
     6094.879439         0.997384 
     6094.889438         0.998880 
     6094.899438         1.000460 
     6094.909438         1.002809 
     6094.919438         1.004206 
     6094.929438         1.002749 
     6094.939437         1.001211 
     6094.949437         1.001640 
     6094.959437         1.001917 
     6094.969437         1.000790 
     6094.979437         0.999435 
     6094.989436         0.998325 
     6094.999436         0.996998 
     6095.009436         0.996061 
     6095.019436         0.997469 
     6095.029436         0.999708 
     6095.039435         0.998677 
     6095.049435         0.996225 
     6095.059435         0.996423 
     6095.069435         0.997915 
     6095.079435         0.999090 
     6095.089434         0.999436 
     6095.099434         0.999004 
     6095.109434         1.000068 
     6095.119434         1.003530 
     6095.129434         1.005098 
     6095.139433         1.004329 
     6095.149433         1.003483 
     6095.159433         1.003429 
     6095.169433         1.002107 
     6095.179433         0.999403 
     6095.189432         0.995639 
     6095.199432         0.993710 
     6095.209432         0.997773 
     6095.219432         1.003819 
     6095.229432         1.006822 
     6095.239431         1.005458 
     6095.249431         0.999365 
     6095.259431         0.995281 
     6095.269431         0.996384 
     6095.279431         0.996800 
     6095.289430         0.994677 
     6095.299430         0.993724 
     6095.309430         0.994050 
     6095.319430         0.991388 
     6095.329430         0.986788 
     6095.339429         0.983502 
     6095.349429         0.983716 
     6095.359429         0.989457 
     6095.369429         0.994848 
     6095.379429         0.993198 
     6095.389428         0.991717 
     6095.399428         0.995861 
     6095.409428         0.997008 
     6095.419428         0.991226 
     6095.429428         0.989218 
     6095.439427         0.993192 
     6095.449427         0.997534 
     6095.459427         0.999668 
     6095.469427         0.996352 
     6095.479427         0.991095 
     6095.489426         0.992882 
     6095.499426         0.998406 
     6095.509426         1.000820 
     6095.519426         0.998907 
     6095.529426         0.992126 
     6095.539426         0.987295 
     6095.549425         0.989148 
     6095.559425         0.991210 
     6095.569425         0.990414 
     6095.579425         0.990949 
     6095.589425         0.994301 
     6095.599424         1.000046 
     6095.609424         1.004739 
     6095.619424         0.998514 
     6095.629424         0.987895 
     6095.639424         0.990103 
     6095.649423         0.998222 
     6095.659423         0.998818 
     6095.669423         0.995950 
     6095.679423         0.995003 
     6095.689423         0.996139 
     6095.699422         0.998621 
     6095.709422         0.998593 
     6095.719422         0.995346 
     6095.729422         0.997229 
     6095.739422         1.003607 
     6095.749421         1.002052 
     6095.759421         0.994965 
     6095.769421         0.997409 
     6095.779421         1.005247 
     6095.789421         1.004914 
     6095.799420         1.000428 
     6095.809420         0.998707 
     6095.819420         0.998108 
     6095.829420         0.996315 
     6095.839420         0.996390 
     6095.849419         1.000152 
     6095.859419         1.002802 
     6095.869419         1.002001 
     6095.879419         0.997904 
     6095.889419         0.993281 
     6095.899418         0.997118 
     6095.909418         1.005388 
     6095.919418         1.002896 
     6095.929418         0.994395 
     6095.939418         0.992615 
     6095.949417         0.996455 
     6095.959417         1.002842 
     6095.969417         1.004550 
     6095.979417         0.997044 
     6095.989417         0.993671 
     6095.999416         1.001446 
     6096.009416         1.005788 
     6096.019416         1.002286 
     6096.029416         0.998128 
     6096.039416         0.995962 
     6096.049415         0.996613 
     6096.059415         0.998280 
     6096.069415         0.998265 
     6096.079415         0.996406 
     6096.089415         0.993508 
     6096.099414         0.991096 
     6096.109414         0.990999 
     6096.119414         0.991869 
     6096.129414         0.992426 
     6096.139414         0.993063 
     6096.149413         0.994143 
     6096.159413         0.996041 
     6096.169413         0.998839 
     6096.179413         1.000346 
     6096.189413         1.001033 
     6096.199412         1.002621 
     6096.209412         1.004809 
     6096.219412         1.005706 
     6096.229412         1.005637 
     6096.239412         1.005224 
     6096.249411         1.003567 
     6096.259411         0.999810 
     6096.269411         0.998252 
     6096.279411         1.000664 
     6096.289411         1.000822 
     6096.299410         0.997232 
     6096.309410         0.997175 
     6096.319410         1.000912 
     6096.329410         1.000050 
     6096.339410         0.996194 
     6096.349409         0.996521 
     6096.359409         0.999930 
     6096.369409         1.002269 
     6096.379409         1.003428 
     6096.389409         1.002891 
     6096.399408         1.003077 
     6096.409408         1.005418 
     6096.419408         1.005518 
     6096.429408         1.001758 
     6096.439408         0.999545 
     6096.449408         0.999842 
     6096.459407         0.998246 
     6096.469407         0.995108 
     6096.479407         0.995075 
     6096.489407         0.995963 
     6096.499407         0.992633 
     6096.509406         0.988290 
     6096.519406         0.988243 
     6096.529406         0.987617 
     6096.539406         0.981604 
     6096.549406         0.971569 
     6096.559405         0.958913 
     6096.569405         0.945303 
     6096.579405         0.930682 
     6096.589405         0.908907 
     6096.599405         0.879792 
     6096.609404         0.849283 
     6096.619404         0.820129 
     6096.629404         0.795171 
     6096.639404         0.772294 
     6096.649404         0.747735 
     6096.659403         0.729357 
     6096.669403         0.725924 
     6096.679403         0.733559 
     6096.689403         0.748948 
     6096.699403         0.769796 
     6096.709402         0.795208 
     6096.719402         0.825666 
     6096.729402         0.858846 
     6096.739402         0.886193 
     6096.749402         0.906790 
     6096.759401         0.923915 
     6096.769401         0.938281 
     6096.779401         0.950477 
     6096.789401         0.962135 
     6096.799401         0.975035 
     6096.809400         0.984268 
     6096.819400         0.986268 
     6096.829400         0.990271 
     6096.839400         1.000151 
     6096.849400         1.002412 
     6096.859399         0.994930 
     6096.869399         0.994841 
     6096.879399         1.002414 
     6096.889399         1.002994 
     6096.899399         0.998442 
     6096.909398         0.997893 
     6096.919398         1.000296 
     6096.929398         1.002408 
     6096.939398         1.004591 
     6096.949398         1.006904 
     6096.959397         1.004234 
     6096.969397         0.994614 
     6096.979397         0.992368 
     6096.989397         1.000670 
     6096.999397         1.000919 
     6097.009396         0.991590 
     6097.019396         0.987466 
     6097.029396         0.988548 
     6097.039396         0.987535 
     6097.049396         0.985020 
     6097.059395         0.983753 
     6097.069395         0.983737 
     6097.079395         0.983546 
     6097.089395         0.985370 
     6097.099395         0.990170 
     6097.109394         0.991576 
     6097.119394         0.988042 
     6097.129394         0.988293 
     6097.139394         0.993206 
     6097.149394         0.993358 
     6097.159393         0.990391 
     6097.169393         0.993312 
     6097.179393         0.997903 
     6097.189393         0.994881 
     6097.199393         0.989669 
     6097.209392         0.989242 
     6097.219392         0.988321 
     6097.229392         0.982541 
     6097.239392         0.977848 
     6097.249392         0.977082 
     6097.259391         0.978416 
     6097.269391         0.980566 
     6097.279391         0.979605 
     6097.289391         0.977674 
     6097.299391         0.982394 
     6097.309390         0.989983 
     6097.319390         0.991284 
     6097.329390         0.989722 
     6097.339390         0.990789 
     6097.349390         0.993540 
     6097.359390         0.996710 
     6097.369389         1.000684 
     6097.379389         1.005097 
