     5522.110768         0.995130 
     5522.120768         0.987654 
     5522.130768         0.988020 
     5522.140768         0.994182 
     5522.150768         0.990538 
     5522.160767         0.986399 
     5522.170767         0.986800 
     5522.180767         0.991684 
     5522.190767         0.990865 
     5522.200767         0.986713 
     5522.210766         0.985928 
     5522.220766         0.990516 
     5522.230766         0.995206 
     5522.240766         0.995856 
     5522.250766         0.992950 
     5522.260765         0.994316 
     5522.270765         0.999048 
     5522.280765         0.998711 
     5522.290765         0.997065 
     5522.300765         0.994549 
     5522.310764         0.988959 
     5522.320764         0.983019 
     5522.330764         0.976927 
     5522.340764         0.966944 
     5522.350764         0.947311 
     5522.360763         0.922647 
     5522.370763         0.898360 
     5522.380763         0.870288 
     5522.390763         0.832737 
     5522.400763         0.789482 
     5522.410762         0.752798 
     5522.420762         0.710965 
     5522.430762         0.671199 
     5522.440762         0.654131 
     5522.450762         0.654758 
     5522.460761         0.664949 
     5522.470761         0.681045 
     5522.480761         0.715535 
     5522.490761         0.761610 
     5522.500761         0.806142 
     5522.510760         0.848385 
     5522.520760         0.886672 
     5522.530760         0.918031 
     5522.540760         0.939670 
     5522.550760         0.955078 
     5522.560759         0.968720 
     5522.570759         0.983413 
     5522.580759         0.989610 
     5522.590759         0.990683 
     5522.600759         0.995618 
     5522.610758         0.998970 
     5522.620758         0.997919 
     5522.630758         0.993919 
     5522.640758         0.994982 
     5522.650758         0.996635 
     5522.660757         0.995747 
     5522.670757         0.995210 
     5522.680757         0.995859 
     5522.690757         0.996505 
     5522.700757         0.996165 
     5522.710757         0.998006 
     5522.720756         0.999689 
     5522.730756         0.998926 
     5522.740756         1.002152 
     5522.750756         1.005275 
     5522.760756         1.004252 
     5522.770755         1.005256 
     5522.780755         1.003944 
     5522.790755         0.999320 
     5522.800755         0.999784 
     5522.810755         1.001500 
     5522.820754         1.001792 
     5522.830754         1.005056 
     5522.840754         1.002664 
     5522.850754         1.000127 
     5522.860754         1.006927 
     5522.870753         1.008464 
     5522.880753         1.003967 
     5522.890753         1.000939 
     5522.900753         1.001763 
     5522.910753         1.002904 
     5522.920752         1.002571 
     5522.930752         1.005153 
     5522.940752         1.006214 
     5522.950752         1.004859 
     5522.960752         1.007552 
     5522.970751         1.005646 
     5522.980751         0.999935 
     5522.990751         0.999368 
     5523.000751         1.005965 
     5523.010751         1.007665 
     5523.020750         0.999805 
     5523.030750         1.005253 
     5523.040750         1.009302 
     5523.050750         1.002554 
     5523.060750         1.000596 
     5523.070749         1.001011 
     5523.080749         1.000435 
     5523.090749         1.001729 
     5523.100749         1.004676 
     5523.110749         1.004414 
     5523.120748         0.995329 
     5523.130748         0.992003 
     5523.140748         0.993047 
     5523.150748         0.990223 
     5523.160748         0.981567 
     5523.170747         0.973633 
     5523.180747         0.971826 
     5523.190747         0.969434 
     5523.200747         0.968597 
     5523.210747         0.966853 
     5523.220746         0.960814 
     5523.230746         0.953260 
     5523.240746         0.950447 
     5523.250746         0.954911 
     5523.260746         0.952335 
     5523.270745         0.948006 
     5523.280745         0.950075 
     5523.290745         0.953978 
     5523.300745         0.951462 
     5523.310745         0.945387 
     5523.320744         0.952569 
     5523.330744         0.955947 
     5523.340744         0.953128 
     5523.350744         0.958671 
     5523.360744         0.961093 
     5523.370743         0.962788 
     5523.380743         0.971172 
     5523.390743         0.977811 
     5523.400743         0.984420 
     5523.410743         0.993299 
     5523.420742         0.997518 
     5523.430742         0.997414 
     5523.440742         0.996177 
     5523.450742         0.997143 
     5523.460742         0.994970 
     5523.470741         0.992143 
     5523.480741         0.996591 
     5523.490741         0.994789 
     5523.500741         0.990811 
     5523.510741         0.994683 
     5523.520740         0.990246 
     5523.530740         0.983832 
     5523.540740         0.984124 
     5523.550740         0.988996 
     5523.560740         0.987411 
     5523.570739         0.978952 
     5523.580739         0.978544 
     5523.590739         0.984354 
     5523.600739         0.987397 
     5523.610739         0.980166 
     5523.620739         0.981636 
     5523.630738         0.987756 
     5523.640738         0.988101 
     5523.650738         0.989211 
     5523.660738         0.992056 
     5523.670738         0.994401 
     5523.680737         0.994647 
     5523.690737         0.996087 
     5523.700737         0.997611 
     5523.710737         0.992533 
     5523.720737         0.988691 
     5523.730736         0.989393 
     5523.740736         0.993462 
     5523.750736         0.994779 
     5523.760736         0.988683 
     5523.770736         0.980807 
     5523.780735         0.989564 
     5523.790735         0.994380 
     5523.800735         0.986584 
     5523.810735         0.985515 
     5523.820735         0.984304 
     5523.830734         0.981791 
     5523.840734         0.982618 
     5523.850734         0.981661 
     5523.860734         0.981632 
     5523.870734         0.983705 
     5523.880733         0.976695 
     5523.890733         0.969948 
     5523.900733         0.968946 
     5523.910733         0.966771 
     5523.920733         0.961763 
     5523.930732         0.953295 
     5523.940732         0.940554 
     5523.950732         0.934003 
     5523.960732         0.931595 
     5523.970732         0.925073 
     5523.980731         0.920267 
     5523.990731         0.921474 
     5524.000731         0.929473 
     5524.010731         0.937512 
     5524.020731         0.945416 
     5524.030730         0.951539 
     5524.040730         0.955177 
     5524.050730         0.962990 
     5524.060730         0.972929 
     5524.070730         0.978065 
     5524.080729         0.980837 
     5524.090729         0.983128 
     5524.100729         0.984007 
     5524.110729         0.983145 
     5524.120729         0.987417 
     5524.130728         0.994444 
     5524.140728         0.986109 
     5524.150728         0.984556 
     5524.160728         0.992193 
     5524.170728         0.991995 
     5524.180727         0.984300 
     5524.190727         0.977317 
     5524.200727         0.978063 
     5524.210727         0.983264 
     5524.220727         0.982006 
     5524.230726         0.969935 
     5524.240726         0.963623 
     5524.250726         0.964803 
     5524.260726         0.969374 
     5524.270726         0.970655 
     5524.280725         0.975748 
     5524.290725         0.984370 
     5524.300725         0.993313 
     5524.310725         0.992634 
     5524.320725         0.991863 
     5524.330724         0.999144 
     5524.340724         1.003890 
     5524.350724         1.001121 
     5524.360724         0.995625 
     5524.370724         0.999677 
     5524.380723         1.002655 
     5524.390723         1.001253 
     5524.400723         0.998602 
     5524.410723         0.996856 
     5524.420723         0.996408 
     5524.430722         0.993857 
     5524.440722         0.985606 
     5524.450722         0.984288 
     5524.460722         0.989500 
     5524.470722         0.986340 
     5524.480721         0.985854 
     5524.490721         0.988942 
     5524.500721         0.989032 
     5524.510721         0.992394 
     5524.520721         0.996134 
     5524.530721         0.995685 
     5524.540720         0.994948 
     5524.550720         0.994757 
     5524.560720         0.993031 
     5524.570720         0.990947 
     5524.580720         0.989377 
     5524.590719         0.990612 
     5524.600719         0.995414 
     5524.610719         0.999266 
     5524.620719         0.998968 
     5524.630719         0.994815 
     5524.640718         0.992359 
     5524.650718         0.996245 
     5524.660718         1.004316 
     5524.670718         1.003357 
     5524.680718         1.002501 
     5524.690717         1.002114 
     5524.700717         0.996601 
     5524.710717         0.996644 
     5524.720717         0.997539 
     5524.730717         0.990543 
     5524.740716         0.983070 
     5524.750716         0.982113 
     5524.760716         0.987144 
     5524.770716         0.987490 
     5524.780716         0.988472 
     5524.790715         0.990879 
     5524.800715         0.992533 
     5524.810715         0.992683 
     5524.820715         0.993060 
     5524.830715         0.996062 
     5524.840714         1.001464 
     5524.850714         1.004712 
     5524.860714         1.001048 
     5524.870714         0.994271 
     5524.880714         0.995862 
     5524.890713         1.001341 
     5524.900713         0.994721 
     5524.910713         0.991279 
     5524.920713         0.990635 
     5524.930713         0.986057 
     5524.940712         0.981572 
     5524.950712         0.978250 
     5524.960712         0.976538 
     5524.970712         0.973752 
     5524.980712         0.969830 
     5524.990711         0.967756 
     5525.000711         0.972449 
     5525.010711         0.971670 
     5525.020711         0.965810 
     5525.030711         0.959784 
     5525.040710         0.957931 
     5525.050710         0.958495 
     5525.060710         0.955643 
     5525.070710         0.942423 
     5525.080710         0.927390 
     5525.090709         0.916273 
     5525.100709         0.909661 
     5525.110709         0.906316 
     5525.120709         0.907667 
     5525.130709         0.913727 
     5525.140708         0.917073 
     5525.150708         0.920514 
     5525.160708         0.928728 
     5525.170708         0.942995 
     5525.180708         0.954499 
     5525.190707         0.963200 
     5525.200707         0.975450 
     5525.210707         0.979632 
     5525.220707         0.986033 
     5525.230707         1.000044 
     5525.240706         0.993696 
     5525.250706         0.987672 
     5525.260706         0.994653 
     5525.270706         1.003923 
     5525.280706         1.003023 
     5525.290705         0.994410 
     5525.300705         0.992148 
     5525.310705         0.998574 
     5525.320705         1.001777 
     5525.330705         0.995226 
     5525.340704         0.993574 
     5525.350704         0.992661 
     5525.360704         0.989689 
     5525.370704         0.989344 
     5525.380704         0.985888 
     5525.390703         0.981299 
     5525.400703         0.979091 
     5525.410703         0.974303 
     5525.420703         0.968356 
     5525.430703         0.960041 
     5525.440703         0.941911 
     5525.450702         0.921684 
     5525.460702         0.898665 
     5525.470702         0.862847 
     5525.480702         0.824471 
     5525.490702         0.780774 
     5525.500701         0.726464 
     5525.510701         0.676473 
     5525.520701         0.634519 
     5525.530701         0.601702 
     5525.540701         0.584317 
     5525.550700         0.580083 
     5525.560700         0.592513 
     5525.570700         0.627343 
     5525.580700         0.667831 
     5525.590700         0.711169 
     5525.600699         0.760153 
     5525.610699         0.811827 
     5525.620699         0.853380 
     5525.630699         0.882246 
     5525.640699         0.909538 
     5525.650698         0.930924 
     5525.660698         0.944570 
     5525.670698         0.953317 
     5525.680698         0.956746 
     5525.690698         0.957746 
     5525.700697         0.960005 
     5525.710697         0.964507 
     5525.720697         0.963533 
     5525.730697         0.960120 
     5525.740697         0.967961 
     5525.750696         0.972673 
     5525.760696         0.973410 
     5525.770696         0.977780 
     5525.780696         0.976813 
     5525.790696         0.977094 
     5525.800695         0.981881 
     5525.810695         0.984258 
     5525.820695         0.980159 
     5525.830695         0.975458 
     5525.840695         0.979115 
     5525.850694         0.975990 
     5525.860694         0.972476 
     5525.870694         0.979486 
     5525.880694         0.982743 
     5525.890694         0.982966 
     5525.900693         0.984807 
     5525.910693         0.990671 
     5525.920693         0.992565 
     5525.930693         0.992673 
     5525.940693         0.998485 
     5525.950692         0.996278 
     5525.960692         0.992959 
     5525.970692         0.995679 
     5525.980692         0.997766 
     5525.990692         1.001367 
     5526.000691         1.002848 
     5526.010691         0.995667 
     5526.020691         0.996767 
     5526.030691         1.004256 
     5526.040691         1.008753 
     5526.050690         0.996468 
     5526.060690         0.991159 
     5526.070690         0.998870 
     5526.080690         0.991026 
     5526.090690         0.988426 
     5526.100689         0.993549 
     5526.110689         0.992683 
     5526.120689         0.989629 
     5526.130689         0.983644 
     5526.140689         0.977502 
     5526.150688         0.982877 
     5526.160688         0.982436 
     5526.170688         0.973195 
     5526.180688         0.974768 
     5526.190688         0.975328 
     5526.200687         0.977790 
     5526.210687         0.985942 
     5526.220687         0.981593 
     5526.230687         0.978963 
     5526.240687         0.987307 
     5526.250686         0.987397 
     5526.260686         0.987746 
     5526.270686         0.993972 
     5526.280686         1.000238 
     5526.290686         0.996243 
     5526.300685         0.991813 
     5526.310685         0.996935 
     5526.320685         0.995474 
     5526.330685         0.998961 
     5526.340685         1.006407 
     5526.350685         1.003205 
     5526.360684         1.003087 
     5526.370684         1.004954 
     5526.380684         1.001758 
     5526.390684         1.002819 
     5526.400684         1.006180 
     5526.410683         1.006434 
     5526.420683         0.999422 
     5526.430683         1.000869 
     5526.440683         1.007958 
     5526.450683         1.005220 
     5526.460682         1.004909 
     5526.470682         1.004081 
     5526.480682         0.999593 
     5526.490682         0.999451 
     5526.500682         1.001142 
     5526.510681         1.003828 
     5526.520681         1.006185 
     5526.530681         1.006654 
     5526.540681         1.004453 
     5526.550681         1.000220 
     5526.560680         1.002696 
     5526.570680         1.004169 
     5526.580680         1.000775 
     5526.590680         0.998353 
     5526.600680         0.999629 
     5526.610679         1.002175 
     5526.620679         0.999194 
     5526.630679         0.989156 
     5526.640679         0.985001 
     5526.650679         0.989400 
     5526.660678         0.984373 
     5526.670678         0.978259 
     5526.680678         0.970822 
     5526.690678         0.952775 
     5526.700678         0.939968 
     5526.710677         0.918660 
     5526.720677         0.876066 
     5526.730677         0.837271 
     5526.740677         0.792326 
     5526.750677         0.737427 
     5526.760676         0.680570 
     5526.770676         0.617175 
     5526.780676         0.555024 
     5526.790676         0.504530 
     5526.800676         0.464804 
     5526.810675         0.443620 
     5526.820675         0.444066 
     5526.830675         0.462263 
     5526.840675         0.497019 
     5526.850675         0.548510 
     5526.860674         0.612946 
     5526.870674         0.672440 
     5526.880674         0.730187 
     5526.890674         0.790109 
     5526.900674         0.840668 
     5526.910673         0.877995 
     5526.920673         0.904263 
     5526.930673         0.924291 
     5526.940673         0.944159 
     5526.950673         0.960200 
     5526.960672         0.969405 
     5526.970672         0.973955 
     5526.980672         0.978273 
     5526.990672         0.982342 
     5527.000672         0.985947 
     5527.010671         0.990203 
     5527.020671         0.993417 
     5527.030671         0.995471 
     5527.040671         0.999719 
     5527.050671         0.996430 
     5527.060670         0.986663 
     5527.070670         0.990850 
     5527.080670         0.993271 
     5527.090670         0.992649 
     5527.100670         0.997515 
     5527.110669         0.997218 
     5527.120669         0.995532 
     5527.130669         0.993346 
     5527.140669         0.986368 
     5527.150669         0.986664 
     5527.160668         0.992159 
     5527.170668         0.990650 
     5527.180668         0.994702 
     5527.190668         0.994862 
     5527.200668         0.987015 
     5527.210667         0.992917 
     5527.220667         1.000660 
     5527.230667         1.001371 
     5527.240667         0.999362 
     5527.250667         1.000426 
     5527.260667         1.000428 
     5527.270666         0.994126 
     5527.280666         0.996623 
     5527.290666         1.005438 
     5527.300666         1.011382 
     5527.310666         1.003909 
     5527.320665         0.995781 
     5527.330665         0.996519 
     5527.340665         1.003408 
     5527.350665         0.997773 
     5527.360665         0.992255 
     5527.370664         0.995124 
     5527.380664         0.992982 
     5527.390664         0.995014 
     5527.400664         1.001255 
     5527.410664         1.005541 
     5527.420663         0.996425 
     5527.430663         0.993845 
     5527.440663         1.001708 
     5527.450663         0.993095 
     5527.460663         0.993039 
     5527.470662         1.000111 
     5527.480662         0.994161 
     5527.490662         0.980087 
     5527.500662         0.971360 
     5527.510662         0.974895 
     5527.520661         0.978325 
     5527.530661         0.975178 
     5527.540661         0.971077 
     5527.550661         0.974089 
     5527.560661         0.970830 
     5527.570660         0.967777 
     5527.580660         0.971272 
     5527.590660         0.972977 
     5527.600660         0.971718 
     5527.610660         0.973004 
     5527.620659         0.979821 
     5527.630659         0.972735 
     5527.640659         0.966344 
     5527.650659         0.976193 
     5527.660659         0.986057 
     5527.670658         0.982276 
     5527.680658         0.974558 
     5527.690658         0.982884 
     5527.700658         0.987425 
     5527.710658         0.983148 
     5527.720657         0.977966 
     5527.730657         0.982328 
     5527.740657         0.980031 
     5527.750657         0.970507 
     5527.760657         0.974547 
     5527.770656         0.977629 
     5527.780656         0.972066 
     5527.790656         0.962538 
     5527.800656         0.956910 
     5527.810656         0.955358 
     5527.820655         0.956584 
     5527.830655         0.956991 
     5527.840655         0.947132 
     5527.850655         0.938847 
     5527.860655         0.942060 
     5527.870654         0.935913 
     5527.880654         0.935088 
     5527.890654         0.942028 
     5527.900654         0.937451 
     5527.910654         0.933736 
     5527.920653         0.938775 
     5527.930653         0.946734 
     5527.940653         0.939115 
     5527.950653         0.932290 
     5527.960653         0.934524 
     5527.970652         0.933041 
     5527.980652         0.926965 
     5527.990652         0.923135 
     5528.000652         0.924213 
     5528.010652         0.912170 
     5528.020651         0.907637 
     5528.030651         0.912960 
     5528.040651         0.900229 
     5528.050651         0.891065 
     5528.060651         0.889640 
     5528.070650         0.888019 
     5528.080650         0.881910 
     5528.090650         0.878977 
     5528.100650         0.878849 
     5528.110650         0.868655 
