     5849.214298         0.988103 
     5849.224298         0.984808 
     5849.234298         0.996550 
     5849.244297         0.999460 
     5849.254297         0.995632 
     5849.264297         0.994947 
     5849.274297         0.994276 
     5849.284297         0.997799 
     5849.294296         1.002969 
     5849.304296         0.998241 
     5849.314296         0.998401 
     5849.324296         1.003069 
     5849.334296         0.997776 
     5849.344295         0.997402 
     5849.354295         1.000855 
     5849.364295         0.999772 
     5849.374295         0.997508 
     5849.384295         0.996249 
     5849.394294         0.996150 
     5849.404294         1.000996 
     5849.414294         1.000373 
     5849.424294         0.997096 
     5849.434294         1.006211 
     5849.444293         1.006580 
     5849.454293         0.999468 
     5849.464293         1.000164 
     5849.474293         1.003953 
     5849.484293         1.003698 
     5849.494292         0.998379 
     5849.504292         0.998412 
     5849.514292         0.999783 
     5849.524292         1.000237 
     5849.534292         1.002311 
     5849.544291         1.001156 
     5849.554291         0.997878 
     5849.564291         0.997020 
     5849.574291         0.995480 
     5849.584291         0.994324 
     5849.594290         0.992133 
     5849.604290         0.981769 
     5849.614290         0.975637 
     5849.624290         0.976892 
     5849.634290         0.971357 
     5849.644290         0.955992 
     5849.654289         0.942651 
     5849.664289         0.945546 
     5849.674289         0.941351 
     5849.684289         0.935129 
     5849.694289         0.935886 
     5849.704288         0.935545 
     5849.714288         0.941986 
     5849.724288         0.954873 
     5849.734288         0.961209 
     5849.744288         0.968156 
     5849.754287         0.978242 
     5849.764287         0.988201 
     5849.774287         0.990664 
     5849.784287         0.992338 
     5849.794287         0.997092 
     5849.804286         0.991242 
     5849.814286         0.989960 
     5849.824286         0.998430 
     5849.834286         0.996209 
     5849.844286         0.995717 
     5849.854285         0.998917 
     5849.864285         0.999862 
     5849.874285         1.002226 
     5849.884285         1.002074 
     5849.894285         0.996466 
     5849.904284         1.000818 
     5849.914284         1.001847 
     5849.924284         0.994994 
     5849.934284         1.000013 
     5849.944284         1.002555 
     5849.954283         0.999647 
     5849.964283         0.998994 
     5849.974283         1.000266 
     5849.984283         0.999737 
     5849.994283         0.996855 
     5850.004282         0.998496 
     5850.014282         0.997535 
     5850.024282         0.993207 
     5850.034282         0.993818 
     5850.044282         0.991797 
     5850.054281         0.987756 
     5850.064281         0.987485 
     5850.074281         0.978291 
     5850.084281         0.974179 
     5850.094281         0.983512 
     5850.104280         0.979894 
     5850.114280         0.979852 
     5850.124280         0.989219 
     5850.134280         0.987795 
     5850.144280         0.989817 
     5850.154279         0.995241 
     5850.164279         0.994575 
     5850.174279         0.996908 
     5850.184279         0.996658 
     5850.194279         0.990047 
     5850.204278         0.994433 
     5850.214278         1.000646 
     5850.224278         1.000352 
     5850.234278         0.995581 
     5850.244278         0.999875 
     5850.254277         1.006070 
     5850.264277         1.000302 
     5850.274277         0.998777 
     5850.284277         0.997380 
     5850.294277         0.993018 
     5850.304276         0.992028 
     5850.314276         0.993737 
     5850.324276         0.996112 
     5850.334276         0.997650 
     5850.344276         0.997229 
     5850.354275         0.993481 
     5850.364275         0.987978 
     5850.374275         0.990368 
     5850.384275         0.994290 
     5850.394275         0.994400 
     5850.404274         0.998032 
     5850.414274         0.998586 
     5850.424274         0.998209 
     5850.434274         1.005730 
     5850.444274         1.003925 
     5850.454273         0.995244 
     5850.464273         0.992838 
     5850.474273         0.998602 
     5850.484273         1.000561 
     5850.494273         0.994351 
     5850.504272         0.996367 
     5850.514272         0.995711 
     5850.524272         0.993111 
     5850.534272         0.998517 
     5850.544272         1.004798 
     5850.554272         1.004577 
     5850.564271         0.997991 
     5850.574271         0.999248 
     5850.584271         0.999457 
     5850.594271         0.997102 
     5850.604271         1.006145 
     5850.614270         1.003567 
     5850.624270         0.993144 
     5850.634270         0.992930 
     5850.644270         1.002718 
     5850.654270         1.007142 
     5850.664269         1.001003 
     5850.674269         1.000962 
     5850.684269         1.001920 
     5850.694269         1.000974 
     5850.704269         1.001153 
     5850.714268         0.999376 
     5850.724268         0.998087 
     5850.734268         0.998351 
     5850.744268         0.999224 
     5850.754268         1.000141 
     5850.764267         1.000890 
     5850.774267         0.999469 
     5850.784267         0.998671 
     5850.794267         0.999348 
     5850.804267         0.999887 
     5850.814266         0.997811 
     5850.824266         0.998388 
     5850.834266         1.002477 
     5850.844266         0.996595 
     5850.854266         0.997889 
     5850.864265         1.007753 
     5850.874265         1.002543 
     5850.884265         1.001540 
     5850.894265         1.005108 
     5850.904265         1.003918 
     5850.914264         1.001743 
     5850.924264         1.001575 
     5850.934264         1.004206 
     5850.944264         1.003787 
     5850.954264         1.005867 
     5850.964263         1.008350 
     5850.974263         1.004321 
     5850.984263         1.002096 
     5850.994263         1.004329 
     5851.004263         1.006851 
     5851.014262         0.998011 
     5851.024262         0.999505 
     5851.034262         1.014685 
     5851.044262         1.008301 
     5851.054262         1.001604 
     5851.064261         1.000717 
     5851.074261         0.998001 
     5851.084261         0.995877 
     5851.094261         0.995078 
     5851.104261         0.996846 
     5851.114260         1.002640 
     5851.124260         1.000540 
     5851.134260         0.991774 
     5851.144260         0.990974 
     5851.154260         0.981223 
     5851.164259         0.969631 
     5851.174259         0.969086 
     5851.184259         0.963937 
     5851.194259         0.968493 
     5851.204259         0.980956 
     5851.214258         0.970015 
     5851.224258         0.964943 
     5851.234258         0.972829 
     5851.244258         0.978858 
     5851.254258         0.979199 
     5851.264257         0.981840 
     5851.274257         0.990144 
     5851.284257         0.985737 
     5851.294257         0.990177 
     5851.304257         1.000444 
     5851.314256         0.991279 
     5851.324256         0.990558 
     5851.334256         0.998646 
     5851.344256         1.001802 
     5851.354256         0.993466 
     5851.364255         0.995107 
     5851.374255         1.005794 
     5851.384255         0.997805 
     5851.394255         0.996130 
     5851.404255         1.001227 
     5851.414254         0.997560 
     5851.424254         0.996329 
     5851.434254         0.998753 
     5851.444254         1.002508 
     5851.454254         1.005450 
     5851.464254         1.004102 
     5851.474253         1.000814 
     5851.484253         1.002466 
     5851.494253         1.004719 
     5851.504253         1.003740 
     5851.514253         0.998543 
     5851.524252         1.000167 
     5851.534252         1.002563 
     5851.544252         1.002152 
     5851.554252         0.999860 
     5851.564252         0.998777 
     5851.574251         1.001542 
     5851.584251         1.009132 
     5851.594251         1.008485 
     5851.604251         1.000102 
     5851.614251         0.992994 
     5851.624250         0.999760 
     5851.634250         0.997383 
     5851.644250         0.990915 
     5851.654250         1.000916 
     5851.664250         1.002754 
     5851.674249         1.000853 
     5851.684249         1.002400 
     5851.694249         1.001503 
     5851.704249         0.998271 
     5851.714249         0.994298 
     5851.724248         0.995795 
     5851.734248         1.000462 
     5851.744248         1.002988 
     5851.754248         1.000301 
     5851.764248         0.996351 
     5851.774247         0.995973 
     5851.784247         0.996915 
     5851.794247         0.994882 
     5851.804247         0.995649 
     5851.814247         0.997597 
     5851.824246         0.997525 
     5851.834246         1.003557 
     5851.844246         1.003276 
     5851.854246         0.993931 
     5851.864246         1.002291 
     5851.874245         1.005327 
     5851.884245         0.997834 
     5851.894245         0.992819 
     5851.904245         1.003301 
     5851.914245         1.009068 
     5851.924244         0.998263 
     5851.934244         0.997576 
     5851.944244         0.999209 
     5851.954244         0.998619 
     5851.964244         0.999175 
     5851.974243         0.996921 
     5851.984243         0.993667 
     5851.994243         0.993433 
     5852.004243         0.995935 
     5852.014243         0.997005 
     5852.024242         0.994360 
     5852.034242         0.991109 
     5852.044242         0.987118 
     5852.054242         0.984545 
     5852.064242         0.987046 
     5852.074241         0.991341 
     5852.084241         0.988905 
     5852.094241         0.978452 
     5852.104241         0.971272 
     5852.114241         0.965400 
     5852.124240         0.953546 
     5852.134240         0.928362 
     5852.144240         0.902939 
     5852.154240         0.877556 
     5852.164240         0.846448 
     5852.174239         0.810427 
     5852.184239         0.774914 
     5852.194239         0.743992 
     5852.204239         0.719213 
     5852.214239         0.701008 
     5852.224238         0.695714 
     5852.234238         0.705409 
     5852.244238         0.722099 
     5852.254238         0.748750 
     5852.264238         0.780381 
     5852.274237         0.808683 
     5852.284237         0.848494 
     5852.294237         0.884016 
     5852.304237         0.902735 
     5852.314237         0.929250 
     5852.324236         0.947771 
     5852.334236         0.954969 
     5852.344236         0.967205 
     5852.354236         0.976834 
     5852.364236         0.984867 
     5852.374236         0.993951 
     5852.384235         0.993288 
     5852.394235         0.991371 
     5852.404235         0.994041 
     5852.414235         0.999171 
     5852.424235         0.998729 
     5852.434234         0.999165 
     5852.444234         1.004720 
     5852.454234         1.003157 
     5852.464234         0.998713 
     5852.474234         0.997775 
     5852.484233         0.999177 
     5852.494233         0.996205 
     5852.504233         0.995988 
     5852.514233         1.004722 
     5852.524233         1.003750 
     5852.534232         1.001341 
     5852.544232         1.000764 
     5852.554232         0.995156 
     5852.564232         0.998788 
     5852.574232         1.002740 
     5852.584231         0.993310 
     5852.594231         0.992610 
     5852.604231         0.994558 
     5852.614231         0.993943 
     5852.624231         0.997176 
     5852.634230         0.994390 
     5852.644230         0.989050 
     5852.654230         0.992600 
     5852.664230         0.995098 
     5852.674230         0.992280 
     5852.684229         0.990237 
     5852.694229         0.998540 
     5852.704229         1.000643 
     5852.714229         0.994934 
     5852.724229         0.993561 
     5852.734228         0.998856 
     5852.744228         0.999562 
     5852.754228         0.992456 
     5852.764228         0.993779 
     5852.774228         0.997227 
     5852.784227         0.997758 
     5852.794227         0.995484 
     5852.804227         1.001250 
     5852.814227         1.006570 
     5852.824227         1.001338 
     5852.834226         0.997093 
     5852.844226         0.999627 
     5852.854226         1.003160 
     5852.864226         0.998644 
     5852.874226         0.994517 
     5852.884225         0.996856 
     5852.894225         1.000261 
     5852.904225         0.995851 
     5852.914225         0.992041 
     5852.924225         0.994842 
     5852.934224         1.000641 
     5852.944224         1.001152 
     5852.954224         0.997673 
     5852.964224         0.994203 
     5852.974224         0.997234 
     5852.984223         0.994571 
     5852.994223         0.989535 
     5853.004223         0.994905 
     5853.014223         0.997770 
     5853.024223         0.994695 
     5853.034222         0.991097 
     5853.044222         0.997405 
     5853.054222         0.995876 
     5853.064222         0.985713 
     5853.074222         0.979480 
     5853.084221         0.970422 
     5853.094221         0.964465 
     5853.104221         0.961841 
     5853.114221         0.950783 
     5853.124221         0.946931 
     5853.134220         0.946827 
     5853.144220         0.936668 
     5853.154220         0.932386 
     5853.164220         0.932836 
     5853.174220         0.933954 
     5853.184219         0.943964 
     5853.194219         0.951952 
     5853.204219         0.959280 
     5853.214219         0.971992 
     5853.224219         0.977774 
     5853.234218         0.980072 
     5853.244218         0.985359 
     5853.254218         0.992398 
     5853.264218         0.994413 
     5853.274218         0.989745 
     5853.284218         0.985718 
     5853.294217         0.993831 
     5853.304217         0.997191 
     5853.314217         0.989698 
     5853.324217         0.989460 
     5853.334217         0.989022 
     5853.344216         0.989057 
     5853.354216         0.995590 
     5853.364216         0.992513 
     5853.374216         0.990684 
     5853.384216         0.994701 
     5853.394215         0.990844 
     5853.404215         0.986602 
     5853.414215         0.986909 
     5853.424215         0.990343 
     5853.434215         0.989319 
     5853.444214         0.986275 
     5853.454214         0.985339 
     5853.464214         0.987535 
     5853.474214         0.988185 
     5853.484214         0.986682 
     5853.494213         0.983748 
     5853.504213         0.981877 
     5853.514213         0.980088 
     5853.524213         0.977523 
     5853.534213         0.974990 
     5853.544212         0.975748 
     5853.554212         0.968744 
     5853.564212         0.952287 
     5853.574212         0.941200 
     5853.584212         0.922115 
     5853.594211         0.891583 
     5853.604211         0.859949 
     5853.614211         0.814072 
     5853.624211         0.757896 
     5853.634211         0.701219 
     5853.644210         0.638708 
     5853.654210         0.581117 
     5853.664210         0.536798 
     5853.674210         0.507047 
     5853.684210         0.497237 
     5853.694209         0.508470 
     5853.704209         0.539913 
     5853.714209         0.588926 
     5853.724209         0.644409 
     5853.734209         0.701938 
     5853.744208         0.763022 
     5853.754208         0.815574 
     5853.764208         0.857613 
     5853.774208         0.891299 
     5853.784208         0.919626 
     5853.794207         0.940005 
     5853.804207         0.954446 
     5853.814207         0.968150 
     5853.824207         0.977191 
     5853.834207         0.982359 
     5853.844206         0.987797 
     5853.854206         0.991458 
     5853.864206         0.991339 
     5853.874206         0.989462 
     5853.884206         0.990889 
     5853.894205         0.991854 
     5853.904205         0.989759 
     5853.914205         0.988476 
     5853.924205         0.995938 
     5853.934205         0.998074 
     5853.944204         0.996030 
     5853.954204         0.999280 
     5853.964204         0.997995 
     5853.974204         0.996935 
     5853.984204         0.999960 
     5853.994203         1.002004 
     5854.004203         1.000178 
     5854.014203         0.999816 
     5854.024203         1.002648 
     5854.034203         1.005411 
     5854.044202         1.004410 
     5854.054202         0.998323 
     5854.064202         0.995527 
     5854.074202         0.997051 
     5854.084202         0.998098 
     5854.094201         0.997389 
     5854.104201         0.998978 
     5854.114201         0.998328 
     5854.124201         0.995033 
     5854.134201         0.994284 
     5854.144200         0.999880 
     5854.154200         1.003271 
     5854.164200         1.000730 
     5854.174200         1.001673 
     5854.184200         0.996677 
     5854.194200         0.991141 
     5854.204199         0.993954 
     5854.214199         0.998727 
     5854.224199         0.997062 
     5854.234199         0.991786 
     5854.244199         0.987168 
     5854.254198         0.984789 
     5854.264198         0.983343 
     5854.274198         0.980747 
     5854.284198         0.977124 
     5854.294198         0.976285 
     5854.304197         0.977633 
     5854.314197         0.977987 
     5854.324197         0.973596 
     5854.334197         0.974786 
     5854.344197         0.979418 
     5854.354196         0.972850 
     5854.364196         0.978151 
     5854.374196         0.991623 
     5854.384196         0.990167 
     5854.394196         0.989208 
     5854.404195         0.993137 
     5854.414195         0.996791 
     5854.424195         0.999938 
     5854.434195         0.997193 
     5854.444195         0.996397 
     5854.454194         1.002115 
     5854.464194         0.996366 
     5854.474194         0.994611 
     5854.484194         1.001049 
     5854.494194         1.000932 
     5854.504193         0.995062 
     5854.514193         0.994585 
     5854.524193         0.997162 
     5854.534193         0.998495 
     5854.544193         0.999391 
     5854.554192         0.999268 
     5854.564192         1.000411 
     5854.574192         1.002755 
     5854.584192         1.004592 
     5854.594192         1.003589 
     5854.604191         0.994928 
     5854.614191         0.998837 
     5854.624191         1.005921 
     5854.634191         0.998552 
     5854.644191         0.995951 
     5854.654190         1.001218 
     5854.664190         1.007848 
     5854.674190         1.004351 
     5854.684190         1.001253 
     5854.694190         1.003329 
     5854.704189         1.005333 
     5854.714189         1.005762 
     5854.724189         1.006606 
     5854.734189         1.008230 
     5854.744189         1.007606 
     5854.754188         1.002951 
     5854.764188         0.999011 
     5854.774188         0.998796 
     5854.784188         0.999534 
     5854.794188         0.999731 
     5854.804187         0.998421 
     5854.814187         0.998246 
     5854.824187         1.000809 
     5854.834187         1.002357 
     5854.844187         1.001607 
     5854.854186         1.003527 
     5854.864186         0.999747 
     5854.874186         0.997519 
     5854.884186         1.002951 
     5854.894186         1.001528 
     5854.904185         0.999716 
     5854.914185         1.000510 
     5854.924185         0.997607 
     5854.934185         0.996555 
     5854.944185         0.992361 
     5854.954184         0.987866 
     5854.964184         0.988883 
     5854.974184         0.981622 
     5854.984184         0.971383 
     5854.994184         0.966182 
     5855.004183         0.948248 
     5855.014183         0.925277 
     5855.024183         0.905641 
     5855.034183         0.886614 
     5855.044183         0.869273 
     5855.054182         0.850229 
     5855.064182         0.833477 
     5855.074182         0.826985 
     5855.084182         0.827371 
     5855.094182         0.832202 
     5855.104182         0.841738 
     5855.114181         0.855454 
     5855.124181         0.869201 
     5855.134181         0.884667 
     5855.144181         0.907664 
     5855.154181         0.926238 
     5855.164180         0.939269 
     5855.174180         0.952285 
     5855.184180         0.963191 
     5855.194180         0.969487 
     5855.204180         0.974840 
     5855.214179         0.982156 
