     6312.805128         0.988947 
     6312.815128         0.995946 
     6312.825127         0.997997 
     6312.835127         0.994979 
     6312.845127         0.989293 
     6312.855127         0.987247 
     6312.865127         0.990751 
     6312.875126         0.995129 
     6312.885126         0.997825 
     6312.895126         0.996197 
     6312.905126         0.994845 
     6312.915126         0.997818 
     6312.925125         0.998237 
     6312.935125         0.996055 
     6312.945125         0.999209 
     6312.955125         1.003448 
     6312.965125         1.002340 
     6312.975124         0.998590 
     6312.985124         0.994653 
     6312.995124         0.992342 
     6313.005124         0.992669 
     6313.015124         0.995631 
     6313.025123         0.999588 
     6313.035123         1.002328 
     6313.045123         1.005018 
     6313.055123         1.006351 
     6313.065123         1.002003 
     6313.075122         0.997286 
     6313.085122         0.998289 
     6313.095122         0.999517 
     6313.105122         0.999250 
     6313.115122         0.997010 
     6313.125121         0.995442 
     6313.135121         0.997065 
     6313.145121         0.999892 
     6313.155121         1.001657 
     6313.165121         1.000010 
     6313.175121         0.996259 
     6313.185120         0.995683 
     6313.195120         0.996242 
     6313.205120         0.996504 
     6313.215120         0.995359 
     6313.225120         0.993486 
     6313.235119         0.994554 
     6313.245119         0.995425 
     6313.255119         0.992048 
     6313.265119         0.990499 
     6313.275119         0.993373 
     6313.285118         0.996266 
     6313.295118         0.997785 
     6313.305118         0.997969 
     6313.315118         0.996262 
     6313.325118         0.993118 
     6313.335117         0.995117 
     6313.345117         1.001423 
     6313.355117         1.001420 
     6313.365117         0.997634 
     6313.375117         0.996495 
     6313.385116         0.998482 
     6313.395116         1.003252 
     6313.405116         1.003468 
     6313.415116         1.001477 
     6313.425116         1.004539 
     6313.435115         1.006808 
     6313.445115         1.004849 
     6313.455115         1.002462 
     6313.465115         1.002040 
     6313.475115         1.003764 
     6313.485114         1.003428 
     6313.495114         0.998092 
     6313.505114         0.995989 
     6313.515114         1.000338 
     6313.525114         1.003002 
     6313.535113         1.003737 
     6313.545113         1.003434 
     6313.555113         1.001288 
     6313.565113         0.997452 
     6313.575113         0.997816 
     6313.585112         1.001321 
     6313.595112         1.003293 
     6313.605112         1.002697 
     6313.615112         1.000379 
     6313.625112         1.000784 
     6313.635111         1.003894 
     6313.645111         1.004790 
     6313.655111         1.002767 
     6313.665111         1.000050 
     6313.675111         0.999347 
     6313.685110         1.001786 
     6313.695110         1.003349 
     6313.705110         1.002442 
     6313.715110         0.998234 
     6313.725110         0.997215 
     6313.735109         1.002736 
     6313.745109         1.002906 
     6313.755109         0.998520 
     6313.765109         1.001369 
     6313.775109         1.005594 
     6313.785108         1.003763 
     6313.795108         1.003098 
     6313.805108         1.005478 
     6313.815108         1.003788 
     6313.825108         1.000299 
     6313.835107         0.999970 
     6313.845107         1.001784 
     6313.855107         1.003331 
     6313.865107         1.002573 
     6313.875107         1.000843 
     6313.885106         1.002949 
     6313.895106         1.005808 
     6313.905106         1.007455 
     6313.915106         1.005124 
     6313.925106         1.000825 
     6313.935105         0.999599 
     6313.945105         1.000682 
     6313.955105         1.000871 
     6313.965105         1.000917 
     6313.975105         1.000325 
     6313.985104         0.999065 
     6313.995104         0.997980 
     6314.005104         0.998800 
     6314.015104         1.001881 
     6314.025104         1.006353 
     6314.035103         1.005469 
     6314.045103         0.999743 
     6314.055103         0.996108 
     6314.065103         0.995212 
     6314.075103         0.996330 
     6314.085103         1.000004 
     6314.095102         1.003029 
     6314.105102         0.997464 
     6314.115102         0.991604 
     6314.125102         0.996367 
     6314.135102         0.997746 
     6314.145101         0.990509 
     6314.155101         0.990217 
     6314.165101         0.995006 
     6314.175101         0.996678 
     6314.185101         0.998266 
     6314.195100         1.002379 
     6314.205100         0.999667 
     6314.215100         0.992470 
     6314.225100         0.990094 
     6314.235100         0.990917 
     6314.245099         0.990573 
     6314.255099         0.993247 
     6314.265099         0.998699 
     6314.275099         1.002421 
     6314.285099         1.003000 
     6314.295098         1.000394 
     6314.305098         0.996250 
     6314.315098         0.993877 
     6314.325098         0.995408 
     6314.335098         0.996910 
     6314.345097         0.990739 
     6314.355097         0.989537 
     6314.365097         0.999673 
     6314.375097         1.001320 
     6314.385097         0.993837 
     6314.395096         0.990905 
     6314.405096         0.991018 
     6314.415096         0.990317 
     6314.425096         0.990835 
     6314.435096         0.991347 
     6314.445095         0.990981 
     6314.455095         0.988831 
     6314.465095         0.985572 
     6314.475095         0.982099 
     6314.485095         0.979373 
     6314.495094         0.976487 
     6314.505094         0.971853 
     6314.515094         0.961892 
     6314.525094         0.950623 
     6314.535094         0.938579 
     6314.545093         0.919367 
     6314.555093         0.892928 
     6314.565093         0.865158 
     6314.575093         0.831348 
     6314.585093         0.787458 
     6314.595092         0.735902 
     6314.605092         0.679341 
     6314.615092         0.621437 
     6314.625092         0.568781 
     6314.635092         0.528351 
     6314.645091         0.500263 
     6314.655091         0.485731 
     6314.665091         0.487799 
     6314.675091         0.502851 
     6314.685091         0.525250 
     6314.695090         0.557589 
     6314.705090         0.600317 
     6314.715090         0.645666 
     6314.725090         0.691131 
     6314.735090         0.736954 
     6314.745089         0.783662 
     6314.755089         0.830420 
     6314.765089         0.867474 
     6314.775089         0.894179 
     6314.785089         0.917115 
     6314.795088         0.937578 
     6314.805088         0.955411 
     6314.815088         0.968287 
     6314.825088         0.975613 
     6314.835088         0.976632 
     6314.845087         0.977879 
     6314.855087         0.986412 
     6314.865087         0.991400 
     6314.875087         0.988997 
     6314.885087         0.990682 
     6314.895086         0.996087 
     6314.905086         0.997177 
     6314.915086         0.996096 
     6314.925086         0.995185 
     6314.935086         0.996084 
     6314.945085         0.998549 
     6314.955085         0.999502 
     6314.965085         0.997465 
     6314.975085         0.991312 
     6314.985085         0.989728 
     6314.995085         0.993598 
     6315.005084         0.992670 
     6315.015084         0.989540 
     6315.025084         0.989786 
     6315.035084         0.990311 
     6315.045084         0.989668 
     6315.055083         0.988103 
     6315.065083         0.986288 
     6315.075083         0.986052 
     6315.085083         0.987496 
     6315.095083         0.989613 
     6315.105082         0.986665 
     6315.115082         0.982474 
     6315.125082         0.986811 
     6315.135082         0.991460 
     6315.145082         0.989863 
     6315.155081         0.985138 
     6315.165081         0.979021 
     6315.175081         0.974171 
     6315.185081         0.965149 
     6315.195081         0.948304 
     6315.205080         0.933434 
     6315.215080         0.919512 
     6315.225080         0.891336 
     6315.235080         0.853003 
     6315.245080         0.812782 
     6315.255079         0.770980 
     6315.265079         0.729696 
     6315.275079         0.691153 
     6315.285079         0.656831 
     6315.295079         0.627711 
     6315.305078         0.607104 
     6315.315078         0.597447 
     6315.325078         0.594811 
     6315.335078         0.596913 
     6315.345078         0.602587 
     6315.355077         0.610229 
     6315.365077         0.619547 
     6315.375077         0.632199 
     6315.385077         0.650666 
     6315.395077         0.680149 
     6315.405076         0.716014 
     6315.415076         0.752722 
     6315.425076         0.783936 
     6315.435076         0.809613 
     6315.445076         0.835234 
     6315.455075         0.861981 
     6315.465075         0.888976 
     6315.475075         0.909803 
     6315.485075         0.923994 
     6315.495075         0.938888 
     6315.505074         0.955563 
     6315.515074         0.971660 
     6315.525074         0.980591 
     6315.535074         0.980946 
     6315.545074         0.985576 
     6315.555073         0.992045 
     6315.565073         0.990024 
     6315.575073         0.987222 
     6315.585073         0.988500 
     6315.595073         0.992423 
     6315.605072         0.996197 
     6315.615072         0.993750 
     6315.625072         0.990244 
     6315.635072         0.988939 
     6315.645072         0.988950 
     6315.655071         0.989169 
     6315.665071         0.988344 
     6315.675071         0.985128 
     6315.685071         0.979355 
     6315.695071         0.970663 
     6315.705070         0.958124 
     6315.715070         0.943304 
     6315.725070         0.923511 
     6315.735070         0.896445 
     6315.745070         0.866447 
     6315.755069         0.836082 
     6315.765069         0.804785 
     6315.775069         0.772480 
     6315.785069         0.738817 
     6315.795069         0.712944 
     6315.805068         0.698920 
     6315.815068         0.694053 
     6315.825068         0.698933 
     6315.835068         0.715982 
     6315.845068         0.739889 
     6315.855067         0.767778 
     6315.865067         0.800280 
     6315.875067         0.835887 
     6315.885067         0.869025 
     6315.895067         0.895488 
     6315.905067         0.913359 
     6315.915066         0.932312 
     6315.925066         0.951549 
     6315.935066         0.959320 
     6315.945066         0.963509 
     6315.955066         0.973170 
     6315.965065         0.982544 
     6315.975065         0.988795 
     6315.985065         0.993715 
     6315.995065         0.996706 
     6316.005065         0.997345 
     6316.015064         0.998117 
     6316.025064         0.999127 
     6316.035064         0.996876 
     6316.045064         0.994629 
     6316.055064         0.997767 
     6316.065063         1.001811 
     6316.075063         1.003272 
     6316.085063         0.996251 
     6316.095063         0.989532 
     6316.105063         0.998890 
     6316.115062         1.004717 
     6316.125062         0.996218 
     6316.135062         0.993577 
     6316.145062         0.996215 
     6316.155062         0.992463 
     6316.165061         0.991311 
     6316.175061         1.000295 
     6316.185061         1.003873 
     6316.195061         1.000385 
     6316.205061         0.996394 
     6316.215060         0.994906 
     6316.225060         0.997987 
     6316.235060         1.001683 
     6316.245060         1.003309 
     6316.255060         1.000551 
     6316.265059         0.996349 
     6316.275059         0.995225 
     6316.285059         0.998061 
     6316.295059         1.001850 
     6316.305059         0.999767 
     6316.315058         0.996771 
     6316.325058         0.999064 
     6316.335058         1.001028 
     6316.345058         1.000920 
     6316.355058         1.002103 
     6316.365057         1.004247 
     6316.375057         1.004218 
     6316.385057         1.001325 
     6316.395057         0.997494 
     6316.405057         0.997095 
     6316.415056         1.000596 
     6316.425056         1.004427 
     6316.435056         1.004855 
     6316.445056         1.001076 
     6316.455056         1.002421 
     6316.465055         1.006869 
     6316.475055         1.005478 
     6316.485055         1.000958 
     6316.495055         0.995642 
     6316.505055         0.992670 
     6316.515054         0.991683 
     6316.525054         0.991006 
     6316.535054         0.989240 
     6316.545054         0.985742 
     6316.555054         0.980974 
     6316.565053         0.976275 
     6316.575053         0.975374 
     6316.585053         0.977005 
     6316.595053         0.978373 
     6316.605053         0.978062 
     6316.615052         0.978088 
     6316.625052         0.983976 
     6316.635052         0.990236 
     6316.645052         0.989782 
     6316.655052         0.987338 
     6316.665051         0.986304 
     6316.675051         0.987244 
     6316.685051         0.986551 
     6316.695051         0.980205 
     6316.705051         0.979097 
     6316.715050         0.984786 
     6316.725050         0.984313 
     6316.735050         0.982326 
     6316.745050         0.986489 
     6316.755050         0.991529 
     6316.765049         0.993715 
     6316.775049         0.991811 
     6316.785049         0.989338 
     6316.795049         0.992403 
     6316.805049         0.995691 
     6316.815049         0.996460 
     6316.825048         0.997000 
     6316.835048         0.998504 
     6316.845048         1.001625 
     6316.855048         1.003047 
     6316.865048         1.002373 
     6316.875047         1.003222 
     6316.885047         1.004789 
     6316.895047         1.003694 
     6316.905047         1.001024 
     6316.915047         0.998494 
     6316.925046         0.996870 
     6316.935046         0.998053 
     6316.945046         1.002916 
     6316.955046         1.005093 
     6316.965046         1.000338 
     6316.975045         1.001025 
     6316.985045         1.005690 
     6316.995045         1.000765 
     6317.005045         0.995325 
     6317.015045         0.999783 
     6317.025044         1.005600 
     6317.035044         1.006651 
     6317.045044         0.999024 
     6317.055044         0.993444 
     6317.065044         1.001181 
     6317.075043         1.005016 
     6317.085043         1.001705 
     6317.095043         0.998878 
     6317.105043         0.997708 
     6317.115043         0.998788 
     6317.125042         1.000481 
     6317.135042         1.001716 
     6317.145042         0.998974 
     6317.155042         0.995879 
     6317.165042         0.996947 
     6317.175041         0.998920 
     6317.185041         0.999980 
     6317.195041         0.996479 
     6317.205041         0.992220 
     6317.215041         0.993779 
     6317.225040         0.994745 
     6317.235040         0.993832 
     6317.245040         0.998229 
     6317.255040         1.003847 
     6317.265040         1.001650 
     6317.275039         0.998239 
     6317.285039         0.998092 
     6317.295039         1.002906 
     6317.305039         1.006889 
     6317.315039         1.000705 
     6317.325038         0.994884 
     6317.335038         0.994834 
     6317.345038         0.993064 
     6317.355038         0.990105 
     6317.365038         0.989696 
     6317.375037         0.990782 
     6317.385037         0.991333 
     6317.395037         0.986336 
     6317.405037         0.982012 
     6317.415037         0.992165 
     6317.425036         0.998155 
     6317.435036         0.990771 
     6317.445036         0.987160 
     6317.455036         0.988436 
     6317.465036         0.987611 
     6317.475035         0.986812 
     6317.485035         0.989339 
     6317.495035         0.992110 
     6317.505035         0.993921 
     6317.515035         0.993634 
     6317.525034         0.992937 
     6317.535034         0.993382 
     6317.545034         0.994982 
     6317.555034         0.996209 
     6317.565034         0.994608 
     6317.575033         0.992299 
     6317.585033         0.990172 
     6317.595033         0.986795 
     6317.605033         0.982475 
     6317.615033         0.979558 
     6317.625032         0.981337 
     6317.635032         0.988768 
     6317.645032         0.991069 
     6317.655032         0.989823 
     6317.665032         0.995363 
     6317.675031         1.000039 
     6317.685031         0.995660 
     6317.695031         0.996696 
     6317.705031         1.003600 
     6317.715031         1.003146 
     6317.725031         0.999379 
     6317.735030         0.996243 
     6317.745030         0.993856 
     6317.755030         0.992249 
     6317.765030         0.993756 
     6317.775030         0.993563 
     6317.785029         0.987549 
     6317.795029         0.985119 
     6317.805029         0.987517 
     6317.815029         0.986903 
     6317.825029         0.982031 
     6317.835028         0.972675 
     6317.845028         0.966134 
     6317.855028         0.964119 
     6317.865028         0.959338 
     6317.875028         0.949575 
     6317.885027         0.933345 
     6317.895027         0.909830 
     6317.905027         0.882206 
     6317.915027         0.855665 
     6317.925027         0.826119 
     6317.935026         0.787054 
     6317.945026         0.735250 
     6317.955026         0.674890 
     6317.965026         0.622240 
     6317.975026         0.573349 
     6317.985025         0.520761 
     6317.995025         0.474382 
     6318.005025         0.439776 
     6318.015025         0.414941 
     6318.025025         0.402602 
     6318.035024         0.405019 
     6318.045024         0.417052 
     6318.055024         0.439338 
     6318.065024         0.479417 
     6318.075024         0.530835 
     6318.085023         0.583574 
     6318.095023         0.638903 
     6318.105023         0.695538 
     6318.115023         0.747829 
     6318.125023         0.794805 
     6318.135022         0.837049 
     6318.145022         0.873261 
     6318.155022         0.902229 
     6318.165022         0.922904 
     6318.175022         0.938558 
     6318.185021         0.953233 
     6318.195021         0.966700 
     6318.205021         0.978791 
     6318.215021         0.984138 
     6318.225021         0.986430 
     6318.235020         0.988812 
     6318.245020         0.990546 
     6318.255020         0.990058 
     6318.265020         0.989855 
     6318.275020         0.989180 
     6318.285019         0.987569 
     6318.295019         0.986778 
     6318.305019         0.987814 
     6318.315019         0.990596 
     6318.325019         0.992956 
     6318.335018         0.991471 
     6318.345018         0.993797 
     6318.355018         0.999583 
     6318.365018         1.000941 
     6318.375018         0.999420 
     6318.385017         0.999379 
     6318.395017         0.999948 
     6318.405017         0.999780 
     6318.415017         1.000326 
     6318.425017         1.001866 
     6318.435016         1.004346 
     6318.445016         1.006205 
     6318.455016         1.005863 
     6318.465016         1.005202 
     6318.475016         1.004062 
     6318.485015         1.000978 
     6318.495015         0.999033 
     6318.505015         0.997564 
     6318.515015         0.996318 
     6318.525015         0.994241 
     6318.535014         0.991084 
     6318.545014         0.987124 
     6318.555014         0.982428 
     6318.565014         0.976955 
     6318.575014         0.969737 
     6318.585013         0.960050 
     6318.595013         0.949979 
     6318.605013         0.940490 
     6318.615013         0.930987 
     6318.625013         0.917439 
     6318.635013         0.894964 
     6318.645012         0.874612 
     6318.655012         0.858390 
     6318.665012         0.838958 
     6318.675012         0.817567 
     6318.685012         0.797185 
     6318.695011         0.783078 
     6318.705011         0.775267 
     6318.715011         0.768651 
     6318.725011         0.769645 
     6318.735011         0.784396 
     6318.745010         0.802653 
     6318.755010         0.819450 
     6318.765010         0.839531 
     6318.775010         0.860783 
     6318.785010         0.882285 
     6318.795009         0.903091 
     6318.805009         0.924299 
