     6807.265347         1.000269 
     6807.275347         0.997172 
     6807.285347         0.999967 
     6807.295346         1.002425 
     6807.305346         0.998162 
     6807.315346         0.994827 
     6807.325346         0.997603 
     6807.335346         1.000295 
     6807.345345         0.999391 
     6807.355345         0.994699 
     6807.365345         0.990585 
     6807.375345         0.996741 
     6807.385345         1.005139 
     6807.395344         1.004285 
     6807.405344         0.999367 
     6807.415344         0.997147 
     6807.425344         0.997720 
     6807.435344         1.000065 
     6807.445343         0.996699 
     6807.455343         0.990113 
     6807.465343         0.991179 
     6807.475343         0.995555 
     6807.485343         0.993877 
     6807.495342         0.991968 
     6807.505342         0.996391 
     6807.515342         0.998207 
     6807.525342         0.992463 
     6807.535342         0.991201 
     6807.545341         0.994942 
     6807.555341         0.998178 
     6807.565341         0.997946 
     6807.575341         0.990666 
     6807.585341         0.986074 
     6807.595340         0.994705 
     6807.605340         1.003154 
     6807.615340         1.001588 
     6807.625340         0.996976 
     6807.635340         0.994352 
     6807.645340         0.993015 
     6807.655339         0.992922 
     6807.665339         0.991632 
     6807.675339         0.990417 
     6807.685339         0.993176 
     6807.695339         0.996391 
     6807.705338         0.997841 
     6807.715338         0.997833 
     6807.725338         0.998112 
     6807.735338         0.999082 
     6807.745338         1.000624 
     6807.755337         0.999982 
     6807.765337         0.997508 
     6807.775337         0.993239 
     6807.785337         0.991412 
     6807.795337         0.995428 
     6807.805336         0.999072 
     6807.815336         0.998862 
     6807.825336         0.993413 
     6807.835336         0.985065 
     6807.845336         0.984048 
     6807.855335         0.987647 
     6807.865335         0.988765 
     6807.875335         0.988756 
     6807.885335         0.990358 
     6807.895335         0.992322 
     6807.905334         0.993353 
     6807.915334         0.989064 
     6807.925334         0.981950 
     6807.935334         0.984146 
     6807.945334         0.991600 
     6807.955333         0.989477 
     6807.965333         0.984747 
     6807.975333         0.988833 
     6807.985333         0.990810 
     6807.995333         0.983616 
     6808.005332         0.982031 
     6808.015332         0.988939 
     6808.025332         0.991528 
     6808.035332         0.989503 
     6808.045332         0.993159 
     6808.055331         0.998381 
     6808.065331         0.997261 
     6808.075331         0.996194 
     6808.085331         0.998953 
     6808.095331         1.001875 
     6808.105330         1.001692 
     6808.115330         1.000591 
     6808.125330         0.999322 
     6808.135330         1.001883 
     6808.145330         1.004219 
     6808.155329         0.999647 
     6808.165329         0.995645 
     6808.175329         0.998034 
     6808.185329         1.002574 
     6808.195329         1.004820 
     6808.205328         1.004567 
     6808.215328         1.002378 
     6808.225328         1.002393 
     6808.235328         1.002807 
     6808.245328         0.998945 
     6808.255327         0.995791 
     6808.265327         0.999851 
     6808.275327         1.002232 
     6808.285327         0.999236 
     6808.295327         0.996140 
     6808.305326         0.995994 
     6808.315326         0.998359 
     6808.325326         1.002055 
     6808.335326         1.003331 
     6808.345326         1.001597 
     6808.355325         0.996124 
     6808.365325         0.994038 
     6808.375325         0.997878 
     6808.385325         1.002638 
     6808.395325         1.004211 
     6808.405324         1.003479 
     6808.415324         1.001171 
     6808.425324         0.999595 
     6808.435324         1.000649 
     6808.445324         1.005086 
     6808.455323         1.008625 
     6808.465323         1.007921 
     6808.475323         1.003823 
     6808.485323         0.998162 
     6808.495323         0.995890 
     6808.505322         0.998243 
     6808.515322         1.002879 
     6808.525322         1.006311 
     6808.535322         1.004619 
     6808.545322         1.003371 
     6808.555322         1.008223 
     6808.565321         1.008605 
     6808.575321         1.002709 
     6808.585321         0.997242 
     6808.595321         0.996012 
     6808.605321         1.000114 
     6808.615320         1.005497 
     6808.625320         1.004777 
     6808.635320         1.002762 
     6808.645320         1.003516 
     6808.655320         1.005817 
     6808.665319         1.007214 
     6808.675319         1.004964 
     6808.685319         1.001101 
     6808.695319         1.002269 
     6808.705319         1.004993 
     6808.715318         1.002765 
     6808.725318         1.000610 
     6808.735318         1.004464 
     6808.745318         1.003590 
     6808.755318         0.995499 
     6808.765317         0.994622 
     6808.775317         1.001200 
     6808.785317         1.001063 
     6808.795317         0.997360 
     6808.805317         0.997225 
     6808.815316         0.997826 
     6808.825316         0.997385 
     6808.835316         0.997803 
     6808.845316         1.001279 
     6808.855316         1.003008 
     6808.865315         1.001851 
     6808.875315         0.998859 
     6808.885315         0.996900 
     6808.895315         0.999922 
     6808.905315         1.003598 
     6808.915314         1.004366 
     6808.925314         1.001421 
     6808.935314         0.996093 
     6808.945314         0.994418 
     6808.955314         0.995455 
     6808.965313         0.994007 
     6808.975313         0.991672 
     6808.985313         0.994690 
     6808.995313         0.998168 
     6809.005313         0.997407 
     6809.015312         0.996675 
     6809.025312         0.997986 
     6809.035312         0.998455 
     6809.045312         0.996556 
     6809.055312         0.994651 
     6809.065311         0.994413 
     6809.075311         0.996568 
     6809.085311         0.997676 
     6809.095311         0.995432 
     6809.105311         0.995478 
     6809.115310         1.000742 
     6809.125310         1.004524 
     6809.135310         1.004220 
     6809.145310         1.001073 
     6809.155310         0.996650 
     6809.165309         0.994440 
     6809.175309         0.993801 
     6809.185309         0.995456 
     6809.195309         0.996382 
     6809.205309         0.995353 
     6809.215308         0.991914 
     6809.225308         0.987975 
     6809.235308         0.987081 
     6809.245308         0.989088 
     6809.255308         0.992174 
     6809.265307         0.993832 
     6809.275307         0.992905 
     6809.285307         0.992858 
     6809.295307         0.996738 
     6809.305307         0.999176 
     6809.315306         0.998673 
     6809.325306         0.994831 
     6809.335306         0.992128 
     6809.345306         0.995954 
     6809.355306         1.001313 
     6809.365305         1.001988 
     6809.375305         1.000688 
     6809.385305         0.997638 
     6809.395305         0.991548 
     6809.405305         0.985112 
     6809.415304         0.988652 
     6809.425304         0.996880 
     6809.435304         0.997511 
     6809.445304         0.995103 
     6809.455304         0.992968 
     6809.465304         0.993091 
     6809.475303         0.996015 
     6809.485303         0.994735 
     6809.495303         0.990013 
     6809.505303         0.988022 
     6809.515303         0.989226 
     6809.525302         0.992777 
     6809.535302         0.995051 
     6809.545302         0.991995 
     6809.555302         0.988880 
     6809.565302         0.987141 
     6809.575301         0.987969 
     6809.585301         0.989687 
     6809.595301         0.989289 
     6809.605301         0.988900 
     6809.615301         0.992492 
     6809.625300         0.996163 
     6809.635300         0.997982 
     6809.645300         0.996280 
     6809.655300         0.993092 
     6809.665300         0.992164 
     6809.675299         0.994040 
     6809.685299         0.994240 
     6809.695299         0.995418 
     6809.705299         1.000070 
     6809.715299         1.003814 
     6809.725298         1.002842 
     6809.735298         1.001342 
     6809.745298         1.000250 
     6809.755298         0.999797 
     6809.765298         1.000366 
     6809.775297         1.003035 
     6809.785297         1.005965 
     6809.795297         1.006764 
     6809.805297         1.004555 
     6809.815297         1.000745 
     6809.825296         0.998974 
     6809.835296         0.999561 
     6809.845296         1.002928 
     6809.855296         1.006395 
     6809.865296         1.004108 
     6809.875295         1.001670 
     6809.885295         1.004678 
     6809.895295         1.006554 
     6809.905295         1.003244 
     6809.915295         1.000502 
     6809.925294         1.001740 
     6809.935294         1.002303 
     6809.945294         1.001938 
     6809.955294         1.000176 
     6809.965294         0.997851 
     6809.975293         0.998182 
     6809.985293         0.997724 
     6809.995293         0.996755 
     6810.005293         0.996888 
     6810.015293         0.998469 
     6810.025292         0.996391 
     6810.035292         0.991954 
     6810.045292         0.987725 
     6810.055292         0.986950 
     6810.065292         0.992429 
     6810.075291         0.993800 
     6810.085291         0.987112 
     6810.095291         0.980875 
     6810.105291         0.978340 
     6810.115291         0.980879 
     6810.125290         0.981182 
     6810.135290         0.967836 
     6810.145290         0.951724 
     6810.155290         0.941769 
     6810.165290         0.924743 
     6810.175289         0.895163 
     6810.185289         0.866690 
     6810.195289         0.841258 
     6810.205289         0.812180 
     6810.215289         0.780619 
     6810.225288         0.748649 
     6810.235288         0.719326 
     6810.245288         0.694437 
     6810.255288         0.680905 
     6810.265288         0.679829 
     6810.275287         0.684055 
     6810.285287         0.693554 
     6810.295287         0.713201 
     6810.305287         0.739551 
     6810.315287         0.768700 
     6810.325286         0.798051 
     6810.335286         0.826507 
     6810.345286         0.853736 
     6810.355286         0.881182 
     6810.365286         0.906761 
     6810.375286         0.928584 
     6810.385285         0.942068 
     6810.395285         0.952155 
     6810.405285         0.964445 
     6810.415285         0.975036 
     6810.425285         0.981842 
     6810.435284         0.989045 
     6810.445284         0.994928 
     6810.455284         0.995308 
     6810.465284         0.992499 
     6810.475284         0.991660 
     6810.485283         0.992426 
     6810.495283         0.992207 
     6810.505283         0.994958 
     6810.515283         0.999806 
     6810.525283         1.000562 
     6810.535282         0.996801 
     6810.545282         0.994495 
     6810.555282         0.993601 
     6810.565282         0.993536 
     6810.575282         0.994562 
     6810.585281         0.996261 
     6810.595281         0.994886 
     6810.605281         0.990178 
     6810.615281         0.993923 
     6810.625281         1.001980 
     6810.635280         1.002328 
     6810.645280         0.998533 
     6810.655280         0.996460 
     6810.665280         0.996664 
     6810.675280         0.998124 
     6810.685279         0.996563 
     6810.695279         0.992142 
     6810.705279         0.997004 
     6810.715279         1.005643 
     6810.725279         1.005139 
     6810.735278         0.999693 
     6810.745278         0.993747 
     6810.755278         0.991460 
     6810.765278         0.993711 
     6810.775278         0.995479 
     6810.785277         0.995864 
     6810.795277         0.997700 
     6810.805277         0.998750 
     6810.815277         0.995010 
     6810.825277         0.992769 
     6810.835276         0.995534 
     6810.845276         0.998139 
     6810.855276         0.998106 
     6810.865276         0.996998 
     6810.875276         0.995499 
     6810.885275         0.994506 
     6810.895275         0.993943 
     6810.905275         0.994357 
     6810.915275         0.994507 
     6810.925275         0.993318 
     6810.935274         0.994978 
     6810.945274         0.999561 
     6810.955274         0.999401 
     6810.965274         0.996216 
     6810.975274         0.995747 
     6810.985273         0.999233 
     6810.995273         1.005041 
     6811.005273         1.006777 
     6811.015273         1.002026 
     6811.025273         0.998942 
     6811.035272         0.998910 
     6811.045272         0.997587 
     6811.055272         0.996678 
     6811.065272         0.998143 
     6811.075272         0.999980 
     6811.085271         1.000261 
     6811.095271         1.000283 
     6811.105271         1.000718 
     6811.115271         0.998934 
     6811.125271         0.995511 
     6811.135270         0.991666 
     6811.145270         0.991194 
     6811.155270         0.997737 
     6811.165270         1.001838 
     6811.175270         0.999679 
     6811.185269         0.995924 
     6811.195269         0.994593 
     6811.205269         0.998994 
     6811.215269         1.003336 
     6811.225269         0.999087 
     6811.235268         0.995733 
     6811.245268         1.003577 
     6811.255268         1.007902 
     6811.265268         1.004257 
     6811.275268         0.999211 
     6811.285268         0.996804 
     6811.295267         1.000274 
     6811.305267         1.004537 
     6811.315267         1.002678 
     6811.325267         1.000130 
     6811.335267         1.001158 
     6811.345266         1.002254 
     6811.355266         1.001960 
     6811.365266         1.000825 
     6811.375266         0.999283 
     6811.385266         0.998954 
     6811.395265         0.997168 
     6811.405265         0.990668 
     6811.415265         0.986254 
     6811.425265         0.988212 
     6811.435265         0.992635 
     6811.445264         0.997431 
     6811.455264         0.997414 
     6811.465264         0.994871 
     6811.475264         0.993477 
     6811.485264         0.994410 
     6811.495263         0.997815 
     6811.505263         0.997214 
     6811.515263         0.994092 
     6811.525263         0.996570 
     6811.535263         1.003233 
     6811.545262         1.003677 
     6811.555262         1.002385 
     6811.565262         1.005824 
     6811.575262         1.008731 
     6811.585262         1.008429 
     6811.595261         1.005116 
     6811.605261         1.001371 
     6811.615261         1.000818 
     6811.625261         1.002441 
     6811.635261         1.002187 
     6811.645260         1.000564 
     6811.655260         0.998447 
     6811.665260         0.999694 
     6811.675260         1.003906 
     6811.685260         1.004202 
     6811.695259         1.001944 
     6811.705259         1.003963 
     6811.715259         1.005715 
     6811.725259         1.001445 
     6811.735259         0.997526 
     6811.745258         0.996501 
     6811.755258         0.996639 
     6811.765258         0.997287 
     6811.775258         1.000329 
     6811.785258         1.002998 
     6811.795257         1.001358 
     6811.805257         0.998330 
     6811.815257         0.995544 
     6811.825257         0.996544 
     6811.835257         1.000131 
     6811.845256         1.001433 
     6811.855256         1.000792 
     6811.865256         1.001391 
     6811.875256         1.003688 
     6811.885256         1.007326 
     6811.895255         1.005524 
     6811.905255         0.997835 
     6811.915255         0.996102 
     6811.925255         1.001626 
     6811.935255         1.003132 
     6811.945254         1.001794 
     6811.955254         1.000365 
     6811.965254         0.999588 
     6811.975254         1.000040 
     6811.985254         0.999479 
     6811.995253         0.998029 
     6812.005253         0.997583 
     6812.015253         0.996701 
     6812.025253         0.994633 
     6812.035253         0.992742 
     6812.045252         0.991586 
     6812.055252         0.990694 
     6812.065252         0.988329 
     6812.075252         0.986972 
     6812.085252         0.987236 
     6812.095251         0.989001 
     6812.105251         0.991509 
     6812.115251         0.992456 
     6812.125251         0.992847 
     6812.135251         0.992199 
     6812.145250         0.989906 
     6812.155250         0.989125 
     6812.165250         0.993330 
     6812.175250         0.998438 
     6812.185250         0.994531 
     6812.195250         0.988419 
     6812.205249         0.989585 
     6812.215249         0.990789 
     6812.225249         0.988774 
     6812.235249         0.985499 
     6812.245249         0.982174 
     6812.255248         0.981653 
     6812.265248         0.983241 
     6812.275248         0.984107 
     6812.285248         0.983481 
     6812.295248         0.979998 
     6812.305247         0.979371 
     6812.315247         0.983644 
     6812.325247         0.984827 
     6812.335247         0.982717 
     6812.345247         0.976772 
     6812.355246         0.973577 
     6812.365246         0.979303 
     6812.375246         0.983182 
     6812.385246         0.982197 
     6812.395246         0.984383 
     6812.405245         0.989615 
     6812.415245         0.991499 
     6812.425245         0.991308 
     6812.435245         0.991688 
     6812.445245         0.990802 
     6812.455244         0.988578 
     6812.465244         0.989423 
     6812.475244         0.993829 
     6812.485244         0.997467 
     6812.495244         0.998391 
     6812.505243         0.992225 
     6812.515243         0.989112 
     6812.525243         0.994858 
     6812.535243         0.997321 
     6812.545243         0.992918 
     6812.555242         0.992681 
     6812.565242         0.996402 
     6812.575242         0.998252 
     6812.585242         0.999224 
     6812.595242         1.002092 
     6812.605241         1.003276 
     6812.615241         1.002719 
     6812.625241         0.999614 
     6812.635241         0.995968 
     6812.645241         0.993953 
     6812.655240         0.994096 
     6812.665240         0.996505 
     6812.675240         0.999420 
     6812.685240         1.001757 
     6812.695240         0.998585 
     6812.705239         0.993742 
     6812.715239         0.996598 
     6812.725239         1.003823 
     6812.735239         1.004981 
     6812.745239         1.003028 
     6812.755238         0.999722 
     6812.765238         0.998082 
     6812.775238         0.999139 
     6812.785238         1.001244 
     6812.795238         1.003023 
     6812.805237         0.999330 
     6812.815237         0.996755 
     6812.825237         0.999604 
     6812.835237         1.004678 
     6812.845237         1.007081 
     6812.855236         1.001900 
     6812.865236         0.993850 
     6812.875236         0.997224 
     6812.885236         1.002228 
     6812.895236         0.996112 
     6812.905235         0.992927 
     6812.915235         1.000967 
     6812.925235         1.002746 
     6812.935235         0.996097 
     6812.945235         0.993722 
     6812.955234         0.994469 
     6812.965234         0.991086 
     6812.975234         0.988504 
     6812.985234         0.990576 
     6812.995234         0.994605 
     6813.005233         0.998933 
     6813.015233         0.999554 
     6813.025233         0.997667 
     6813.035233         0.996947 
     6813.045233         0.997997 
     6813.055232         1.000616 
     6813.065232         1.002984 
     6813.075232         1.004105 
     6813.085232         1.001197 
     6813.095232         0.996503 
     6813.105232         0.993856 
     6813.115231         0.994430 
     6813.125231         0.996845 
     6813.135231         1.000535 
     6813.145231         1.004060 
     6813.155231         1.002280 
     6813.165230         0.997310 
     6813.175230         0.997079 
     6813.185230         1.000505 
     6813.195230         1.003012 
     6813.205230         1.002741 
     6813.215229         1.000359 
     6813.225229         0.996990 
     6813.235229         0.995301 
     6813.245229         0.997181 
     6813.255229         1.002793 
     6813.265228         1.007620 
