     6002.541265         1.001578 
     6002.551265         0.999863 
     6002.561265         0.995942 
     6002.571264         0.995254 
     6002.581264         0.996131 
     6002.591264         0.995398 
     6002.601264         0.993474 
     6002.611264         0.989833 
     6002.621264         0.985349 
     6002.631263         0.982486 
     6002.641263         0.983275 
     6002.651263         0.984580 
     6002.661263         0.984990 
     6002.671263         0.982254 
     6002.681262         0.985330 
     6002.691262         0.992935 
     6002.701262         0.991147 
     6002.711262         0.988235 
     6002.721262         0.993466 
     6002.731261         0.995184 
     6002.741261         0.992348 
     6002.751261         0.993692 
     6002.761261         0.996933 
     6002.771261         0.999169 
     6002.781260         0.996456 
     6002.791260         0.993297 
     6002.801260         0.996492 
     6002.811260         0.995690 
     6002.821260         0.987679 
     6002.831259         0.979569 
     6002.841259         0.974350 
     6002.851259         0.972999 
     6002.861259         0.967373 
     6002.871259         0.956432 
     6002.881258         0.945210 
     6002.891258         0.929785 
     6002.901258         0.906861 
     6002.911258         0.880386 
     6002.921258         0.850606 
     6002.931257         0.814241 
     6002.941257         0.769804 
     6002.951257         0.718526 
     6002.961257         0.670057 
     6002.971257         0.622838 
     6002.981256         0.572414 
     6002.991256         0.527239 
     6003.001256         0.493278 
     6003.011256         0.475661 
     6003.021256         0.471230 
     6003.031255         0.478383 
     6003.041255         0.503304 
     6003.051255         0.543961 
     6003.061255         0.590598 
     6003.071255         0.641146 
     6003.081254         0.693579 
     6003.091254         0.739666 
     6003.101254         0.782872 
     6003.111254         0.831002 
     6003.121254         0.868436 
     6003.131253         0.890073 
     6003.141253         0.913086 
     6003.151253         0.935708 
     6003.161253         0.952016 
     6003.171253         0.965201 
     6003.181252         0.973660 
     6003.191252         0.974527 
     6003.201252         0.976640 
     6003.211252         0.987255 
     6003.221252         0.989450 
     6003.231251         0.986273 
     6003.241251         0.991130 
     6003.251251         0.994949 
     6003.261251         0.992745 
     6003.271251         0.993601 
     6003.281250         0.997217 
     6003.291250         1.000961 
     6003.301250         0.998526 
     6003.311250         0.993482 
     6003.321250         0.997792 
     6003.331249         1.002838 
     6003.341249         0.998704 
     6003.351249         0.996461 
     6003.361249         0.997632 
     6003.371249         0.996752 
     6003.381248         0.997905 
     6003.391248         1.001840 
     6003.401248         0.998205 
     6003.411248         0.993299 
     6003.421248         1.000007 
     6003.431247         1.005790 
     6003.441247         1.005045 
     6003.451247         1.001946 
     6003.461247         0.999945 
     6003.471247         1.000494 
     6003.481246         1.001876 
     6003.491246         1.003083 
     6003.501246         1.003756 
     6003.511246         1.002175 
     6003.521246         0.998778 
     6003.531246         1.001292 
     6003.541245         1.006511 
     6003.551245         1.008028 
     6003.561245         1.005551 
     6003.571245         1.001750 
     6003.581245         0.999438 
     6003.591244         1.000628 
     6003.601244         1.005167 
     6003.611244         1.005571 
     6003.621244         1.001932 
     6003.631244         1.000862 
     6003.641243         1.001313 
     6003.651243         1.001919 
     6003.661243         1.003331 
     6003.671243         1.004058 
     6003.681243         1.002279 
     6003.691242         1.000414 
     6003.701242         1.000893 
     6003.711242         1.003703 
     6003.721242         1.003664 
     6003.731242         0.997344 
     6003.741241         0.996895 
     6003.751241         1.002363 
     6003.761241         1.000154 
     6003.771241         0.998445 
     6003.781241         1.000897 
     6003.791240         0.998906 
     6003.801240         0.995903 
     6003.811240         1.001494 
     6003.821240         1.002283 
     6003.831240         0.995759 
     6003.841239         0.995931 
     6003.851239         0.998778 
     6003.861239         0.996964 
     6003.871239         0.996600 
     6003.881239         0.998812 
     6003.891238         0.999362 
     6003.901238         0.999758 
     6003.911238         1.001212 
     6003.921238         1.001648 
     6003.931238         1.001538 
     6003.941237         1.001046 
     6003.951237         1.001932 
     6003.961237         1.003208 
     6003.971237         1.000924 
     6003.981237         1.000189 
     6003.991236         1.005917 
     6004.001236         1.004865 
     6004.011236         0.997776 
     6004.021236         0.999084 
     6004.031236         1.003541 
     6004.041235         1.004843 
     6004.051235         1.006403 
     6004.061235         1.007024 
     6004.071235         1.003375 
     6004.081235         1.001008 
     6004.091234         1.001347 
     6004.101234         1.001399 
     6004.111234         1.001722 
     6004.121234         1.003761 
     6004.131234         1.004334 
     6004.141233         1.002909 
     6004.151233         1.001456 
     6004.161233         0.999075 
     6004.171233         0.995546 
     6004.181233         0.996948 
     6004.191232         0.999747 
     6004.201232         0.997048 
     6004.211232         0.998116 
     6004.221232         1.002828 
     6004.231232         0.997797 
     6004.241231         0.992972 
     6004.251231         0.996588 
     6004.261231         0.996921 
     6004.271231         0.993944 
     6004.281231         0.997068 
     6004.291230         0.997802 
     6004.301230         0.994367 
     6004.311230         0.997859 
     6004.321230         1.003430 
     6004.331230         1.000975 
     6004.341229         0.999373 
     6004.351229         1.001055 
     6004.361229         1.001446 
     6004.371229         1.002273 
     6004.381229         1.004432 
     6004.391228         1.004637 
     6004.401228         1.002718 
     6004.411228         1.002070 
     6004.421228         1.000935 
     6004.431228         0.999447 
     6004.441228         1.002131 
     6004.451227         1.006103 
     6004.461227         1.007021 
     6004.471227         1.002808 
     6004.481227         0.996815 
     6004.491227         0.994758 
     6004.501226         0.996419 
     6004.511226         0.998779 
     6004.521226         0.998468 
     6004.531226         0.995319 
     6004.541226         0.991345 
     6004.551225         0.992036 
     6004.561225         0.996821 
     6004.571225         0.995882 
     6004.581225         0.990823 
     6004.591225         0.987916 
     6004.601224         0.992646 
     6004.611224         1.000289 
     6004.621224         0.996745 
     6004.631224         0.994351 
     6004.641224         1.001191 
     6004.651223         1.003297 
     6004.661223         1.001360 
     6004.671223         1.001226 
     6004.681223         0.999473 
     6004.691223         0.996647 
     6004.701222         0.996113 
     6004.711222         0.996655 
     6004.721222         0.996988 
     6004.731222         0.998535 
     6004.741222         1.000044 
     6004.751221         0.998508 
     6004.761221         0.997026 
     6004.771221         0.998469 
     6004.781221         0.998514 
     6004.791221         0.996154 
     6004.801220         0.990592 
     6004.811220         0.992137 
     6004.821220         0.998605 
     6004.831220         0.996998 
     6004.841220         0.993603 
     6004.851219         0.994209 
     6004.861219         0.991460 
     6004.871219         0.989407 
     6004.881219         0.996467 
     6004.891219         1.001040 
     6004.901218         0.998770 
     6004.911218         0.993654 
     6004.921218         0.991899 
     6004.931218         0.997085 
     6004.941218         1.000601 
     6004.951217         0.999324 
     6004.961217         0.994980 
     6004.971217         0.995157 
     6004.981217         0.998938 
     6004.991217         0.991670 
     6005.001216         0.984392 
     6005.011216         0.991874 
     6005.021216         0.991551 
     6005.031216         0.982922 
     6005.041216         0.984134 
     6005.051215         0.984435 
     6005.061215         0.977718 
     6005.071215         0.983491 
     6005.081215         0.994063 
     6005.091215         0.993184 
     6005.101214         0.990643 
     6005.111214         0.991161 
     6005.121214         0.990912 
     6005.131214         0.990878 
     6005.141214         0.992021 
     6005.151213         0.997018 
     6005.161213         1.001706 
     6005.171213         0.998269 
     6005.181213         0.994018 
     6005.191213         0.993279 
     6005.201212         0.995214 
     6005.211212         0.996835 
     6005.221212         0.996405 
     6005.231212         0.995677 
     6005.241212         0.995074 
     6005.251211         0.992336 
     6005.261211         0.992595 
     6005.271211         0.996479 
     6005.281211         0.994578 
     6005.291211         0.990086 
     6005.301210         0.989469 
     6005.311210         0.989076 
     6005.321210         0.987162 
     6005.331210         0.985577 
     6005.341210         0.987468 
     6005.351210         0.993270 
     6005.361209         0.994748 
     6005.371209         0.992250 
     6005.381209         0.989879 
     6005.391209         0.990363 
     6005.401209         0.992713 
     6005.411208         0.987490 
     6005.421208         0.980067 
     6005.431208         0.977364 
     6005.441208         0.976438 
     6005.451208         0.971791 
     6005.461207         0.956175 
     6005.471207         0.940291 
     6005.481207         0.928468 
     6005.491207         0.902074 
     6005.501207         0.874291 
     6005.511206         0.861336 
     6005.521206         0.845949 
     6005.531206         0.826247 
     6005.541206         0.816781 
     6005.551206         0.817803 
     6005.561205         0.826504 
     6005.571205         0.840436 
     6005.581205         0.857590 
     6005.591205         0.877063 
     6005.601205         0.900626 
     6005.611204         0.925030 
     6005.621204         0.944031 
     6005.631204         0.957361 
     6005.641204         0.966950 
     6005.651204         0.974782 
     6005.661203         0.982096 
     6005.671203         0.989544 
     6005.681203         0.995035 
     6005.691203         0.997295 
     6005.701203         0.996654 
     6005.711202         0.997134 
     6005.721202         1.001561 
     6005.731202         1.001972 
     6005.741202         0.999416 
     6005.751202         1.000077 
     6005.761201         1.000390 
     6005.771201         0.998369 
     6005.781201         0.995833 
     6005.791201         0.995405 
     6005.801201         1.000192 
     6005.811200         1.001343 
     6005.821200         0.999026 
     6005.831200         0.998265 
     6005.841200         0.999399 
     6005.851200         1.000366 
     6005.861199         0.997369 
     6005.871199         0.992480 
     6005.881199         0.991052 
     6005.891199         0.990895 
     6005.901199         0.991737 
     6005.911198         0.993530 
     6005.921198         0.994569 
     6005.931198         0.993946 
     6005.941198         0.989452 
     6005.951198         0.984429 
     6005.961197         0.984510 
     6005.971197         0.983075 
     6005.981197         0.978577 
     6005.991197         0.979524 
     6006.001197         0.978958 
     6006.011196         0.972002 
     6006.021196         0.972782 
     6006.031196         0.979333 
     6006.041196         0.981044 
     6006.051196         0.980935 
     6006.061195         0.981621 
     6006.071195         0.983626 
     6006.081195         0.986331 
     6006.091195         0.989315 
     6006.101195         0.988838 
     6006.111194         0.985977 
     6006.121194         0.984885 
     6006.131194         0.988036 
     6006.141194         0.992333 
     6006.151194         0.989305 
     6006.161193         0.987185 
     6006.171193         0.994317 
     6006.181193         0.994205 
     6006.191193         0.988331 
     6006.201193         0.990552 
     6006.211192         0.992918 
     6006.221192         0.990846 
     6006.231192         0.991318 
     6006.241192         0.992250 
     6006.251192         0.988898 
     6006.261192         0.986383 
     6006.271191         0.984541 
     6006.281191         0.979598 
     6006.291191         0.976910 
     6006.301191         0.978119 
     6006.311191         0.977072 
     6006.321190         0.973765 
     6006.331190         0.970259 
     6006.341190         0.970487 
     6006.351190         0.973788 
     6006.361190         0.974966 
     6006.371189         0.973332 
     6006.381189         0.971786 
     6006.391189         0.975359 
     6006.401189         0.980329 
     6006.411189         0.981865 
     6006.421188         0.984586 
     6006.431188         0.989450 
     6006.441188         0.990886 
     6006.451188         0.991808 
     6006.461188         0.994267 
     6006.471187         0.997197 
     6006.481187         0.998007 
     6006.491187         0.995569 
     6006.501187         0.995380 
     6006.511187         0.996834 
     6006.521186         0.996040 
     6006.531186         0.997479 
     6006.541186         1.002899 
     6006.551186         0.999699 
     6006.561186         0.995666 
     6006.571185         1.002525 
     6006.581185         1.005133 
     6006.591185         1.000467 
     6006.601185         0.999424 
     6006.611185         1.001489 
     6006.621184         1.004031 
     6006.631184         1.004077 
     6006.641184         1.001879 
     6006.651184         1.000239 
     6006.661184         1.000069 
     6006.671183         1.000831 
     6006.681183         1.000684 
     6006.691183         0.999025 
     6006.701183         0.997437 
     6006.711183         1.001758 
     6006.721182         1.006584 
     6006.731182         1.003399 
     6006.741182         1.001475 
     6006.751182         1.003603 
     6006.761182         1.004582 
     6006.771181         1.002294 
     6006.781181         0.996147 
     6006.791181         0.995737 
     6006.801181         0.997665 
     6006.811181         0.995089 
     6006.821180         0.994943 
     6006.831180         0.999013 
     6006.841180         0.996516 
     6006.851180         0.993589 
     6006.861180         0.995742 
     6006.871179         1.000633 
     6006.881179         1.003413 
     6006.891179         0.997710 
     6006.901179         0.996793 
     6006.911179         1.002340 
     6006.921178         1.003689 
     6006.931178         1.002356 
     6006.941178         1.001130 
     6006.951178         1.000534 
     6006.961178         1.001493 
     6006.971177         1.005209 
     6006.981177         1.006479 
     6006.991177         1.003896 
     6007.001177         0.999484 
     6007.011177         0.997319 
     6007.021176         0.999102 
     6007.031176         0.998583 
     6007.041176         0.996228 
     6007.051176         0.994611 
     6007.061176         0.996477 
     6007.071175         1.000244 
     6007.081175         1.000003 
     6007.091175         0.999201 
     6007.101175         1.000498 
     6007.111175         0.998766 
     6007.121174         0.995648 
     6007.131174         0.994332 
     6007.141174         0.993725 
     6007.151174         0.993708 
     6007.161174         0.996887 
     6007.171174         0.996215 
     6007.181173         0.988738 
     6007.191173         0.984978 
     6007.201173         0.983518 
     6007.211173         0.978355 
     6007.221173         0.970520 
     6007.231172         0.959592 
     6007.241172         0.939906 
     6007.251172         0.914308 
     6007.261172         0.888206 
     6007.271172         0.867452 
     6007.281171         0.847513 
     6007.291171         0.822078 
     6007.301171         0.804424 
     6007.311171         0.798161 
     6007.321171         0.799907 
     6007.331170         0.808691 
     6007.341170         0.824823 
     6007.351170         0.844344 
     6007.361170         0.867212 
     6007.371170         0.893323 
     6007.381169         0.915291 
     6007.391169         0.934017 
     6007.401169         0.955618 
     6007.411169         0.969214 
     6007.421169         0.971570 
     6007.431168         0.981689 
     6007.441168         0.992113 
     6007.451168         0.991605 
     6007.461168         0.992856 
     6007.471168         0.997921 
     6007.481167         1.001572 
     6007.491167         1.005405 
     6007.501167         1.007919 
     6007.511167         1.004463 
     6007.521167         1.002549 
     6007.531166         1.009174 
     6007.541166         1.007796 
     6007.551166         1.000915 
     6007.561166         1.002813 
     6007.571166         1.005914 
     6007.581165         1.004352 
     6007.591165         0.998410 
     6007.601165         0.994731 
     6007.611165         0.997035 
     6007.621165         0.993123 
     6007.631164         0.986445 
     6007.641164         0.987307 
     6007.651164         0.987297 
     6007.661164         0.982340 
     6007.671164         0.977297 
     6007.681163         0.974683 
     6007.691163         0.974248 
     6007.701163         0.969768 
     6007.711163         0.965969 
     6007.721163         0.970051 
     6007.731162         0.976305 
     6007.741162         0.979718 
     6007.751162         0.981524 
     6007.761162         0.981858 
     6007.771162         0.981073 
     6007.781161         0.982843 
     6007.791161         0.986280 
     6007.801161         0.988819 
     6007.811161         0.984106 
     6007.821161         0.974015 
     6007.831160         0.968728 
     6007.841160         0.959854 
     6007.851160         0.942161 
     6007.861160         0.925232 
     6007.871160         0.902552 
     6007.881159         0.865292 
     6007.891159         0.829705 
     6007.901159         0.794856 
     6007.911159         0.746059 
     6007.921159         0.697233 
     6007.931158         0.657592 
     6007.941158         0.621633 
     6007.951158         0.594876 
     6007.961158         0.583334 
     6007.971158         0.580867 
     6007.981157         0.591409 
     6007.991157         0.624354 
     6008.001157         0.661663 
     6008.011157         0.697735 
     6008.021157         0.745038 
     6008.031156         0.794825 
     6008.041156         0.835369 
     6008.051156         0.869493 
     6008.061156         0.898329 
     6008.071156         0.923861 
     6008.081156         0.942477 
     6008.091155         0.955691 
     6008.101155         0.968288 
     6008.111155         0.979096 
     6008.121155         0.986140 
     6008.131155         0.987802 
     6008.141154         0.989955 
     6008.151154         0.998159 
     6008.161154         0.997397 
     6008.171154         0.989395 
     6008.181154         0.992887 
     6008.191153         0.999698 
     6008.201153         1.002550 
     6008.211153         1.002633 
     6008.221153         1.001810 
     6008.231153         1.000284 
     6008.241152         0.999060 
     6008.251152         0.996591 
     6008.261152         0.989309 
     6008.271152         0.989823 
     6008.281152         0.999929 
     6008.291151         1.000127 
     6008.301151         0.996686 
     6008.311151         0.997097 
     6008.321151         0.995652 
     6008.331151         0.993108 
     6008.341150         0.993185 
     6008.351150         0.992995 
     6008.361150         0.990706 
     6008.371150         0.982639 
     6008.381150         0.974507 
     6008.391149         0.969073 
     6008.401149         0.962213 
     6008.411149         0.952641 
     6008.421149         0.940405 
     6008.431149         0.925186 
     6008.441148         0.905745 
     6008.451148         0.880553 
     6008.461148         0.849180 
     6008.471148         0.812825 
     6008.481148         0.773310 
     6008.491147         0.730709 
     6008.501147         0.683436 
     6008.511147         0.630741 
     6008.521147         0.577803 
     6008.531147         0.535463 
     6008.541146         0.502331 
